251  
-158.836459 -1347.567114 864.135575
-159.566003 -1346.953361 863.833791
-159.825892 -1346.225568 863.199145
-159.555936 -1345.471134 862.600854
-158.951194 -1344.713696 862.846974
-158.036517 -1344.345601 862.680026
-157.116344 -1344.047519 862.426198
-156.125397 -1343.913626 862.416327
-155.327913 -1344.255597 862.913392
-154.430936 -1344.645390 863.121945
-153.470923 -1344.897778 863.243085
-153.287587 -1344.116871 862.645949
-153.835868 -1343.368618 862.272443
-154.627718 -1342.777608 862.426325
-155.207868 -1342.190453 862.990839
-155.973486 -1341.648792 863.337872
-156.924675 -1341.878759 863.132068
-157.174123 -1342.792556 862.811519
-157.457166 -1343.279240 861.985066
-156.866846 -1344.057753 861.771899
-156.059628 -1344.460131 861.340052
-155.809940 -1344.956153 860.508416
-155.824819 -1345.540726 859.697211
-155.445797 -1345.553081 858.771906
-156.065270 -1345.092094 858.136497
-156.809178 -1345.067256 857.468677
-157.238660 -1344.956332 856.572440
-158.038315 -1344.546875 856.133240
-158.458806 -1343.644405 856.039779
-158.501018 -1342.739668 855.615905
-157.868590 -1342.312605 854.969645
-157.432189 -1342.158847 854.083127
-157.918252 -1342.403766 853.244225
-158.660787 -1342.832078 852.729258
-159.366092 -1343.462100 852.404268
-159.372933 -1344.231147 851.765113
-158.626640 -1344.497463 851.155095
-157.872462 -1345.146684 851.253724
-156.897403 -1345.270397 851.437992
-156.034269 -1345.456070 850.968391
-155.597762 -1346.355606 850.985638
-155.808570 -1347.331173 850.923767
-156.148251 -1348.207570 851.265156
-156.316206 -1348.983666 851.872993
-156.418969 -1349.662767 852.599809
-156.311856 -1350.311109 853.353585
-156.290189 -1350.686073 854.280371
-156.185081 -1351.041181 855.209269
-156.298716 -1350.554888 856.075644
-156.466559 -1349.858066 856.772973
-155.920256 -1349.311345 857.407519
-155.932380 -1349.416304 858.401922
-155.554292 -1349.090593 859.268502
-154.950326 -1348.687713 859.956189
-154.369928 -1348.814345 860.760616
-153.506717 -1348.713124 861.255207
-152.567705 -1348.847793 861.571625
-151.855541 -1348.146269 861.545442
-151.040121 -1347.569942 861.599643
-150.274988 -1346.930109 861.671656
-149.804537 -1346.219699 861.148212
-149.027609 -1345.596127 861.061378
-148.174205 -1345.144500 860.801116
-147.395404 -1344.800080 860.276861
-146.501552 -1344.462868 859.981369
-145.882385 -1343.735393 859.685712
-146.238734 -1343.192136 860.445901
-146.680858 -1342.601602 861.121028
-147.066704 -1342.308706 861.995862
-147.641773 -1341.643601 862.472235
-148.588827 -1341.471156 862.201401
-149.174452 -1342.205754 862.544051
-149.434087 -1343.159956 862.395425
-150.022096 -1343.955767 862.540095
-150.982415 -1344.170860 862.362550
-151.763128 -1344.504542 861.834210
-151.660060 -1345.487339 861.680953
-151.902936 -1346.431559 861.903350
-151.871984 -1347.420418 862.048951
-152.583664 -1347.791907 862.645196
-153.165996 -1348.365971 863.220817
-154.012498 -1348.772153 863.564983
-154.739893 -1349.398967 863.844270
-155.527528 -1349.988401 864.023711
-156.327191 -1350.463550 864.390823
-156.844918 -1351.179863 864.858643
-157.714897 -1351.457492 865.266145
-158.446938 -1352.126724 865.138691
-158.546654 -1352.703871 864.328161
-158.605961 -1353.454560 863.670172
-158.250708 -1354.097058 862.991208
-157.723786 -1354.855636 863.374500
-157.555173 -1355.779449 863.718215
-156.628315 -1355.866676 864.083354
-155.712478 -1355.465200 864.091024
-155.158611 -1355.017530 864.793038
-154.740870 -1354.210534 865.210470
-154.575111 -1353.226613 865.276978
-154.453228 -1352.443963 865.887391
-154.265229 -1352.041985 866.783533
-155.078719 -1351.536573 866.495794
-156.072454 -1351.500453 866.601552
-156.740191 -1350.777633 866.423623
-157.714754 -1351.001738 866.421533
-158.594162 -1350.531992 866.344207
-159.251802 -1349.803015 866.534211
-159.799297 -1349.172045 867.083872
-160.656298 -1348.980152 866.605618
-161.619124 -1348.779441 866.424842
-162.587276 -1348.978619 866.576533
-163.343148 -1349.284010 865.997401
-164.179902 -1349.810231 866.148842
-164.714941 -1350.651830 866.075049
-164.686830 -1351.240887 865.267446
-164.476201 -1352.216920 865.322165
-164.123387 -1353.079174 864.958792
-163.668468 -1353.879902 864.569069
-163.683359 -1354.827686 864.250505
-164.236370 -1355.405769 863.650506
-164.871914 -1356.091784 863.296293
-165.054633 -1356.978746 863.720454
-165.233859 -1357.935871 863.948030
-165.211315 -1358.915051 864.149764
-164.700356 -1359.765261 864.023017
-164.696451 -1360.645310 863.548150
-164.413583 -1361.602864 863.492690
-163.810446 -1362.194397 864.027773
-162.915343 -1362.349956 864.445615
-162.020114 -1362.223646 864.872946
-161.024245 -1362.293656 864.930773
-160.210354 -1362.303728 865.511703
-159.408044 -1361.761677 865.261742
-158.780119 -1361.388357 864.578849
-157.947498 -1361.858851 864.286654
-157.249533 -1361.869441 863.570600
-156.719756 -1361.748848 862.731080
-156.138080 -1361.534635 861.946373
-155.463614 -1361.199808 861.288356
-154.648126 -1361.003026 860.744061
-154.243853 -1360.299583 860.159483
-154.321756 -1359.336021 860.415374
-154.788007 -1358.531606 860.783513
-155.495127 -1357.824513 860.782713
-156.279185 -1357.239291 860.575905
-157.136533 -1356.842360 860.248188
-157.911325 -1356.333551 859.872939
-158.269538 -1355.528523 859.400061
-158.974275 -1354.876434 859.120551
-158.776508 -1353.924096 859.352802
-158.225244 -1353.375906 859.981765
-158.078090 -1352.443354 860.311449
-158.758443 -1351.930336 860.834835
-159.464492 -1351.365333 861.261761
-159.277723 -1350.596293 861.873067
-158.544216 -1349.932988 862.021367
-157.647720 -1349.859636 862.458304
-156.886315 -1350.258557 862.969308
-155.951640 -1350.261754 863.324796
-155.055532 -1349.918928 863.042906
-154.538568 -1349.136958 862.694666
-154.112817 -1348.561326 861.996537
-154.195796 -1347.592604 862.230403
-154.053437 -1346.615847 862.070156
-154.713450 -1345.865119 862.098260
-154.930318 -1345.047218 861.565337
-155.500257 -1344.607215 860.871387
-155.711112 -1343.656030 860.646026
-156.426495 -1343.030384 860.334909
-157.198704 -1342.870389 859.720015
-157.944721 -1342.698449 859.076668
-158.741636 -1342.663436 858.473591
-158.914249 -1342.647386 857.488732
-158.982860 -1343.095337 856.597311
-159.312163 -1343.838359 856.014663
-159.837026 -1344.675397 855.860111
-159.531170 -1345.606717 856.057834
-159.402975 -1346.586057 856.214228
-159.885976 -1347.340081 856.659377
-159.508097 -1347.649676 857.531936
-159.506303 -1348.255054 858.327872
-159.767337 -1347.987853 859.255485
-160.303753 -1348.009098 860.099171
-160.655162 -1348.706035 860.724303
-160.424973 -1349.247450 861.532934
-160.649196 -1350.196694 861.753524
-161.043497 -1351.097669 861.934554
-161.397456 -1352.024503 861.809286
-162.008792 -1352.789341 861.606087
-162.621497 -1353.577708 861.550664
-162.848298 -1354.464619 861.953095
-162.615763 -1355.434049 862.031404
-162.541211 -1356.191416 862.680124
-162.517354 -1355.997938 863.660938
-162.202003 -1356.187876 864.590711
-161.469096 -1356.580678 865.146187
-160.634196 -1356.637124 865.693686
-159.903758 -1356.677399 866.375477
-159.051826 -1356.353997 865.963626
-158.394376 -1356.807912 865.362194
-157.561368 -1356.264567 865.257912
-156.677860 -1355.918021 864.942764
-155.966874 -1355.415832 864.450519
-155.531493 -1354.674840 864.961767
-155.305027 -1354.675596 865.935785
-155.452901 -1354.497261 866.908580
-155.618307 -1354.411441 867.891065
-155.603491 -1354.625062 868.867869
-155.635604 -1354.925730 869.821057
-156.471100 -1355.056713 870.354714
-157.398486 -1354.944699 870.711656
-158.126771 -1354.778051 871.376359
-158.477199 -1354.356756 872.212846
-159.093186 -1353.808587 872.778594
-159.567721 -1353.248629 873.457758
-159.166899 -1352.421027 873.850717
-159.068865 -1351.582398 874.386525
-158.953142 -1350.629540 874.667005
-158.824234 -1349.639133 874.716774
-158.678399 -1348.693216 874.426994
-158.035923 -1347.956534 874.215984
-158.486427 -1347.074602 874.077268
-159.090989 -1346.285161 874.183515
-160.027315 -1345.937547 874.233083
-160.885102 -1345.839763 873.728464
-161.203357 -1345.861729 872.780713
-161.342892 -1346.071713 871.813017
-161.708099 -1345.850811 870.908680
-162.375249 -1346.452722 870.469802
-162.701859 -1347.341513 870.791325
-163.593652 -1347.693276 870.506779
-164.199547 -1347.678525 869.711370
-164.408533 -1348.043972 868.804302
-164.963196 -1348.547302 868.141724
-164.482628 -1348.786587 867.298044
-164.655753 -1348.812294 866.313479
-164.319064 -1348.441048 865.448137
-164.663321 -1348.059457 864.590305
-164.833482 -1347.793961 863.641329
-164.775593 -1347.286433 862.781640
-164.362730 -1347.163973 861.879117
-163.729224 -1347.167116 861.105386
-162.781937 -1347.416057 860.903701
-161.917984 -1347.918498 860.869966
-161.399479 -1348.726503 860.590179
-160.809540 -1349.240868 861.212594
-160.640939 -1349.332632 862.193998
-160.628862 -1349.666573 863.136514
-159.757139 -1349.710434 863.624547
-159.143635 -1349.241851 864.260191
-158.598369 -1348.451006 864.538127
-158.836459 -1347.567114 864.135575
251  
-243.242981 -2689.592419 -421.731865
-243.111122 -2688.643063 -421.446669
-243.163647 -2688.251093 -420.528191
-242.668547 -2687.846235 -419.759448
-241.915185 -2688.260633 -419.248842
-241.430560 -2688.884501 -418.635711
-241.083351 -2688.840001 -417.698980
-240.860842 -2689.100297 -416.759440
-241.056029 -2689.707689 -415.989390
-241.859426 -2689.900801 -415.426131
-242.567080 -2690.341894 -414.874168
-243.108628 -2690.923057 -414.266735
-243.904753 -2691.509252 -414.116530
-244.814749 -2691.923790 -414.108456
-245.814408 -2691.948732 -414.116153
-246.507896 -2692.650615 -413.953566
-247.215588 -2692.959184 -413.317990
-247.985503 -2692.800347 -412.699927
-248.554955 -2691.982772 -412.614511
-249.109066 -2691.329375 -412.098726
-249.870379 -2690.695525 -411.962212
-250.623613 -2690.286013 -412.476934
-251.233514 -2689.859578 -413.144896
-251.300013 -2688.869588 -413.269388
-251.004507 -2687.944355 -413.507336
-250.448479 -2687.338185 -414.076011
-250.209381 -2686.795977 -414.881519
-249.765428 -2686.143739 -415.495922
-249.743620 -2686.214274 -416.493193
-250.302696 -2686.199439 -417.322176
-251.298089 -2686.293921 -417.338507
-251.767614 -2685.733473 -418.020742
-252.224941 -2685.555706 -418.892092
-253.197096 -2685.776879 -418.969532
-253.787478 -2685.000005 -419.188430
-254.383173 -2684.197071 -419.167363
-254.392844 -2683.445343 -418.507960
-253.416302 -2683.302139 -418.347156
-252.465928 -2683.266624 -418.038082
-251.534273 -2683.466055 -417.734361
-251.070907 -2684.293522 -417.417199
-250.282567 -2684.730685 -416.984293
-249.316302 -2684.849163 -416.755614
-248.549934 -2685.100461 -416.164403
-247.568295 -2685.083211 -415.974435
-246.692660 -2684.600461 -415.989084
-246.296515 -2683.790570 -415.556481
-245.770034 -2683.526428 -414.748368
-245.789987 -2682.749061 -414.119637
-245.308116 -2681.928973 -413.811002
-244.476720 -2681.375656 -413.862218
-243.877431 -2680.843369 -414.460150
-243.587503 -2680.212225 -415.179594
-242.766982 -2680.264934 -415.748776
-242.042750 -2679.870895 -416.314656
-241.804303 -2679.859258 -417.285742
-241.745145 -2680.059440 -418.263713
-241.491773 -2680.333202 -419.191537
-241.648303 -2679.963628 -420.107459
-241.811338 -2679.466889 -420.959908
-242.014742 -2679.227048 -421.909173
-241.850794 -2679.339552 -422.889205
-241.157280 -2679.729941 -423.494709
-240.237374 -2680.121433 -423.517238
-239.814602 -2681.001093 -423.299381
-239.659896 -2681.657470 -424.037781
-239.959211 -2682.440567 -424.582914
-240.811333 -2682.950302 -424.701480
-241.768558 -2682.770068 -424.475127
-242.103023 -2683.700943 -424.622112
-242.287277 -2684.670802 -424.781565
-242.722992 -2685.569065 -424.838795
-243.523570 -2686.070760 -425.166479
-244.488211 -2686.235625 -424.960837
-245.486603 -2686.286686 -424.936250
-245.979382 -2686.474532 -424.086612
-246.275517 -2686.831519 -423.200687
-246.980924 -2686.992066 -422.510306
-247.758750 -2687.137965 -421.898996
-248.657998 -2687.395731 -421.545569
-248.887922 -2688.174566 -420.962001
-249.432650 -2688.976218 -420.715779
-250.207295 -2689.597661 -420.598584
-250.883857 -2690.166885 -421.065753
-251.116886 -2690.742531 -421.849545
-251.531343 -2691.087702 -422.691615
-251.800594 -2691.491730 -423.565837
-252.199373 -2691.783390 -424.435268
-252.340036 -2692.455123 -425.162585
-252.501268 -2693.182615 -425.829488
-252.437734 -2693.321806 -426.817713
-252.067197 -2693.260529 -427.744507
-251.757029 -2692.542173 -428.367212
-251.025453 -2692.166437 -428.936087
-250.060347 -2691.954911 -429.090451
-249.348368 -2692.506264 -429.525302
-248.913925 -2693.401083 -429.628057
-248.473860 -2694.262317 -429.373856
-248.424460 -2694.626780 -428.443949
-248.317305 -2694.956143 -427.505846
-248.124088 -2695.304162 -426.588486
-247.381738 -2695.195965 -425.927267
-246.403675 -2695.404257 -425.929815
-245.803120 -2695.143063 -425.174096
-244.830272 -2695.287349 -424.993129
-244.382345 -2694.913438 -424.181000
-244.189966 -2694.987146 -423.202452
-243.934696 -2695.681958 -422.530088
-243.172913 -2696.297535 -422.328214
-242.247790 -2696.549332 -422.612370
-241.336595 -2696.149970 -422.511216
-240.495679 -2695.944083 -422.010745
-239.612694 -2695.479627 -421.942780
-238.697620 -2695.090919 -421.835327
-237.898588 -2694.526899 -422.043721
-236.976501 -2694.510028 -421.657106
-236.087272 -2694.846747 -421.347441
-235.169842 -2694.554684 -421.077214
-234.452888 -2693.903940 -421.327231
-233.686360 -2693.265576 -421.397420
-232.993818 -2692.772673 -421.924138
-232.568044 -2692.178724 -422.606736
-232.505944 -2691.579932 -423.405230
-232.604435 -2691.048021 -424.246283
-232.844081 -2690.215918 -424.746457
-232.753366 -2689.721470 -425.610917
-232.603455 -2688.829614 -425.184162
-232.929967 -2687.884547 -425.199570
-233.560535 -2687.123606 -425.046751
-234.116569 -2686.678986 -424.344512
-234.202462 -2686.258349 -423.441358
-234.289813 -2685.514643 -422.778583
-234.393289 -2684.961942 -421.951652
-234.862339 -2684.253718 -421.424006
-235.178686 -2683.539842 -420.799261
-235.490102 -2682.644546 -420.480728
-235.738731 -2681.927711 -419.829320
-235.958325 -2680.955197 -419.751888
-235.652771 -2680.049923 -419.456734
-236.058565 -2679.136632 -419.491796
-237.043083 -2678.963330 -419.465544
-237.990865 -2678.647118 -419.507008
-238.660914 -2677.964750 -419.799258
-239.292136 -2677.366058 -420.292337
-239.934136 -2676.837279 -420.847520
-240.479586 -2676.109583 -421.263383
-240.763178 -2675.209107 -421.593108
-241.205849 -2674.765447 -422.372344
-241.467384 -2674.800506 -423.336901
-241.294099 -2675.053387 -424.288754
-241.591620 -2675.681344 -425.007887
-242.251340 -2676.312096 -425.416447
-242.477454 -2676.801706 -426.258560
-242.442316 -2677.260158 -427.146584
-242.005366 -2677.525885 -428.005923
-241.595218 -2677.947162 -428.814814
-241.109792 -2678.775592 -428.535413
-240.614701 -2679.600067 -428.809503
-239.783114 -2680.116014 -428.603927
-239.109618 -2680.385965 -429.292062
-238.820842 -2680.945564 -430.068887
-239.261189 -2681.429688 -430.825007
-239.814815 -2682.250492 -430.684367
-240.403563 -2682.945454 -430.271569
-241.188415 -2682.923136 -429.652287
-241.872237 -2683.124256 -428.950904
-242.601398 -2682.563683 -428.558372
-243.424066 -2682.101663 -428.227079
-244.331083 -2682.248812 -427.832532
-245.254176 -2682.048829 -427.504041
-245.767805 -2681.191784 -427.544783
-246.721251 -2680.964493 -427.346593
-247.578691 -2680.717490 -426.895167
-248.330007 -2680.237934 -426.441790
-249.239107 -2680.272299 -426.026632
-249.706580 -2681.151372 -426.119899
-249.487176 -2682.006000 -426.590509
-250.102503 -2682.439502 -427.248878
-250.065158 -2683.206630 -426.608472
-249.888378 -2683.842485 -425.857182
-249.378957 -2684.160823 -425.057712
-248.793077 -2684.610059 -424.383226
-248.435820 -2684.985967 -423.528205
-248.272653 -2685.023818 -422.542333
-248.095723 -2684.803348 -421.583121
-247.634368 -2684.568437 -420.727569
-248.282600 -2683.809212 -420.669499
-248.583258 -2683.329827 -419.845002
-248.217719 -2683.562633 -418.943790
-248.600063 -2684.031804 -418.147743
-249.197362 -2684.596254 -417.577980
-248.821519 -2685.296533 -416.971059
-248.491740 -2686.172713 -416.619556
-247.775991 -2686.779539 -416.273918
-246.905408 -2687.110114 -415.909496
-245.947313 -2687.396465 -415.901812
-244.964497 -2687.274302 -416.040186
-244.129498 -2686.948103 -415.597048
-243.164967 -2686.696540 -415.677027
-242.171606 -2686.727385 -415.566204
-241.276685 -2686.350976 -415.326552
-240.600231 -2685.978483 -414.691211
-240.407611 -2686.386294 -413.798694
-239.644967 -2685.928861 -413.341388
-239.065291 -2685.614222 -414.093039
-238.435824 -2684.907460 -414.415932
-237.731755 -2684.244866 -414.671382
-236.824149 -2683.877326 -414.874276
-236.905161 -2683.226106 -415.628828
-237.101416 -2682.767264 -416.495401
-237.613537 -2682.304925 -417.219262
-238.105406 -2681.519094 -417.594142
-238.671983 -2680.695639 -417.624335
-239.206693 -2680.049846 -418.169345
-239.997975 -2679.485773 -418.405345
-240.651111 -2678.816184 -418.758988
-241.625535 -2678.970691 -418.595817
-242.229863 -2679.766491 -418.634427
-242.674948 -2680.631459 -418.866224
-242.479422 -2681.607078 -418.766542
-241.800319 -2682.319946 -418.591506
-241.141329 -2682.985492 -418.241103
-241.126666 -2683.937334 -418.547341
-240.442344 -2684.364455 -419.138332
-239.715627 -2685.023636 -419.331628
-238.936378 -2685.210847 -419.929727
-238.062493 -2685.645056 -420.148332
-237.930830 -2686.633980 -420.216847
-238.314043 -2687.507876 -420.515935
-238.214324 -2688.207232 -421.223718
-238.095592 -2688.898092 -421.936891
-238.447291 -2689.817973 -422.110462
-238.281931 -2690.656626 -422.629421
-239.103501 -2690.998239 -423.085845
-239.440087 -2691.310349 -423.974269
-240.307273 -2691.288822 -424.471788
-241.094182 -2691.734546 -424.898526
-242.064590 -2691.935042 -425.033094
-243.051526 -2691.990398 -425.184401
-244.013215 -2692.186512 -425.375956
-244.620922 -2692.978276 -425.437613
-245.114928 -2693.536821 -424.771290
-245.009646 -2693.866390 -423.833047
-245.030596 -2694.487911 -423.049930
-244.410012 -2694.871598 -422.366074
-243.788930 -2694.129001 -422.115460
-243.355901 -2693.242969 -421.949835
-243.296364 -2692.264083 -421.754289
-242.929106 -2691.488919 -421.240243
-243.194072 -2690.572890 -421.541379
-243.242981 -2689.592419 -421.731865
251  
-830.552825 -371.309395 214.180795
-829.970722 -372.037862 214.542034
-829.064662 -372.428555 214.704558
-828.415930 -373.189041 214.732994
-827.973807 -374.035526 214.436363
-826.991494 -374.067117 214.251804
-826.570269 -374.111505 213.345934
-826.196500 -374.871332 212.813994
-825.377753 -375.281611 212.412342
-824.557454 -375.223968 211.843319
-823.809350 -374.873431 211.279880
-823.038936 -374.634942 210.688623
-822.683539 -374.568421 209.756277
-822.471159 -374.151725 208.872389
-822.337029 -374.173489 207.881664
-822.441525 -374.247262 206.889878
-823.002731 -374.581994 206.132910
-823.132514 -374.336338 205.172280
-823.093361 -374.009309 204.228077
-823.409663 -373.455454 203.457884
-823.333458 -373.084112 202.532521
-823.455139 -372.690185 201.621469
-823.394329 -371.801002 201.167975
-824.061670 -371.151578 200.803415
-824.548324 -370.363877 200.425665
-824.827215 -369.408608 200.524061
-825.507153 -368.737047 200.229629
-826.302693 -368.259992 199.856086
-827.296585 -368.167829 199.795382
-827.913183 -367.945902 200.550733
-827.890691 -368.318484 201.478460
-827.645213 -368.619899 202.399812
-826.844723 -368.916941 202.920370
-825.988214 -368.461304 203.162832
-825.290574 -368.231940 203.841573
-824.759514 -369.030456 204.125033
-824.374349 -369.949048 204.213554
-823.800486 -370.734348 204.445901
-823.379836 -371.614300 204.666668
-822.924780 -372.447128 204.351517
-822.796985 -373.203662 203.710170
-822.874819 -374.199413 203.759392
-823.277652 -375.099057 203.590970
-823.391300 -375.936655 204.125305
-823.705777 -376.031346 205.069836
-823.593434 -376.217938 206.045829
-822.961015 -376.883699 206.441819
-822.117586 -377.239787 206.844101
-821.118625 -377.233278 206.889186
-821.362834 -376.880772 207.792570
-822.165544 -376.578518 208.306670
-822.584565 -376.599557 209.214403
-823.003405 -377.025333 210.016455
-823.492932 -377.792304 210.431327
-823.159567 -378.621590 210.879828
-823.100662 -379.614426 210.775880
-824.025496 -379.791986 210.439495
-824.941301 -379.878152 210.831765
-825.917168 -380.000558 211.012598
-826.772113 -379.522806 211.214642
-827.522559 -379.166156 210.658197
-827.866332 -378.392348 210.126181
-827.671005 -377.934995 209.258612
-827.569043 -376.967263 209.028180
-827.508523 -376.061510 208.608718
-826.776349 -375.399515 208.768978
-825.965875 -374.854465 208.983577
-825.229903 -374.416958 209.500232
-824.330157 -374.050963 209.262525
-823.428035 -373.675687 209.049584
-822.501105 -373.622301 209.421001
-821.523863 -373.729834 209.603855
-820.544962 -373.563563 209.485087
-819.622502 -373.545900 209.870776
-818.745058 -373.369516 210.316849
-818.691626 -374.361710 210.204177
-818.344027 -375.199850 209.783822
-818.301205 -376.164625 210.043390
-818.180195 -376.772436 210.828197
-818.009153 -377.704498 211.147580
-817.679207 -378.648126 211.121110
-817.465874 -379.593283 211.368432
-817.761944 -380.088075 210.551411
-818.297123 -380.387887 209.761667
-818.840645 -380.110604 208.969393
-819.424587 -379.655983 208.296837
-820.065208 -379.477025 207.550125
-821.016858 -379.515053 207.245304
-822.010713 -379.414532 207.291630
-822.279919 -378.896608 206.479667
-822.332276 -378.432707 205.595329
-823.055182 -377.833312 205.251627
-824.052058 -377.888017 205.194642
-824.716880 -378.037327 204.462714
-824.616647 -378.764185 203.783280
-825.117435 -379.572525 203.473768
-825.812656 -380.062743 202.948073
-826.770380 -380.303407 202.790452
-827.719997 -380.615688 202.763830
-828.109712 -381.469259 203.109572
-827.620347 -382.277327 203.437518
-827.276475 -382.130877 204.365044
-827.728826 -381.912463 205.229725
-827.542062 -381.283683 205.984546
-827.942943 -381.151011 206.891019
-827.853229 -381.365181 207.863686
-827.721012 -381.693482 208.798960
-827.379788 -382.083843 209.654054
-826.774575 -382.177197 210.444625
-826.103230 -382.467666 211.126477
-825.147008 -382.529354 211.412544
-824.150976 -382.610925 211.376956
-823.426653 -383.210276 211.036171
-823.149524 -383.989192 210.473599
-823.360555 -384.492828 209.635854
-824.066810 -385.182111 209.797388
-824.844834 -385.764281 210.033519
-825.467643 -386.224043 210.666549
-826.458701 -386.123409 210.578931
-826.981681 -385.272623 210.630453
-827.391414 -384.360828 210.603098
-828.068422 -383.625127 210.582961
-828.431197 -382.842437 210.077204
-828.195574 -382.025736 209.550438
-828.395828 -381.384038 208.810086
-828.936566 -380.550540 208.696577
-829.228310 -379.991144 209.472438
-830.016794 -379.467209 209.794596
-830.724949 -379.047754 210.362551
-831.429728 -379.290600 211.029118
-831.998678 -379.945802 211.526116
-832.832127 -380.295997 211.098651
-833.464311 -380.707061 210.441864
-834.220140 -380.847423 209.802316
-834.346971 -380.606715 208.840040
-835.034454 -380.114181 208.306394
-835.940811 -379.932589 207.924897
-836.347337 -379.056558 207.665462
-837.030476 -378.339185 207.528729
-837.635451 -377.553835 207.659994
-837.832182 -377.615706 208.638497
-837.432737 -377.702780 209.551110
-837.432592 -377.706606 210.551103
-837.855091 -377.942439 211.426247
-838.010848 -378.319624 212.339194
-838.317056 -378.878293 213.109989
-838.195917 -379.866552 213.203101
-837.609199 -380.675456 213.165221
-837.069154 -380.860612 212.344203
-836.180579 -380.912574 211.888425
-835.443568 -381.582201 211.796696
-834.569638 -381.655558 212.277179
-833.729155 -382.156668 212.483281
-832.744157 -381.993540 212.426995
-832.237117 -381.299768 212.938454
-832.322233 -380.751204 213.770219
-832.112368 -380.223706 214.593446
-832.010568 -380.034145 215.570023
-831.672138 -379.701046 216.450086
-831.580946 -380.203106 217.310097
-831.297653 -380.397676 218.249186
-830.673757 -381.160148 218.420619
-830.159501 -381.886620 217.964790
-829.237505 -382.172817 217.703996
-828.378990 -381.934954 217.249712
-827.555097 -382.003619 216.687142
-826.558832 -382.046513 216.612193
-825.783824 -382.275744 216.023284
-824.970732 -382.800316 215.770884
-824.309790 -383.543595 215.874286
-823.588833 -384.072341 215.426347
-822.915724 -384.737430 215.102959
-822.070977 -385.267819 215.031611
-821.082395 -385.237350 215.179185
-820.195187 -385.605641 214.901296
-819.211183 -385.456095 214.998108
-818.879534 -384.699504 215.561649
-819.025793 -383.719136 215.693890
-818.837630 -382.765500 215.459002
-818.298563 -381.923996 215.423259
-818.054871 -381.001167 215.721591
-818.071662 -380.019297 215.910401
-818.524923 -379.269307 216.392138
-819.186238 -378.643428 216.805583
-819.644963 -378.246126 217.600392
-820.367966 -377.838158 218.157914
-821.053522 -377.382723 218.725885
-821.326058 -376.590183 219.271417
-820.742082 -375.945641 219.764911
-820.263463 -375.079719 219.619642
-820.033890 -374.108161 219.561571
-820.216952 -373.125101 219.552529
-820.054046 -372.160633 219.760526
-819.619326 -371.264951 219.854187
-819.408351 -370.373725 219.452682
-819.956696 -369.540949 219.376515
-820.674506 -369.013175 219.830612
-821.480589 -368.668299 220.311539
-822.161709 -367.994906 220.598973
-823.159736 -367.932365 220.604489
-824.046787 -367.570130 220.318261
-824.536070 -367.732154 219.461318
-825.128578 -367.856766 218.665450
-825.732580 -368.594096 218.362917
-826.257489 -369.063838 217.653120
-827.022441 -368.479617 217.381948
-827.919746 -368.384123 216.950990
-828.602488 -368.022541 216.316071
-828.508716 -368.273033 215.352504
-828.575579 -369.180209 214.937100
-828.189821 -369.963452 214.449534
-827.978476 -370.903912 214.183322
-827.754683 -371.870278 214.056621
-827.521268 -371.944673 215.026149
-826.983327 -371.973377 215.868642
-826.511346 -372.696149 216.373454
-826.467048 -373.642310 216.694106
-826.852209 -374.522491 216.971473
-827.428399 -375.261904 217.319716
-828.319494 -375.711042 217.384706
-829.171774 -376.223318 217.278909
-830.069506 -376.633481 217.439667
-830.819653 -376.850440 218.064333
-831.711820 -377.042495 218.473176
-832.589728 -377.457834 218.711444
-833.509000 -377.848836 218.756802
-834.399935 -378.301605 218.791950
-835.248503 -378.071681 218.315435
-835.419413 -377.747642 217.384958
-835.900311 -376.908694 217.130197
-836.007814 -375.920592 217.020210
-836.267348 -375.093291 216.521998
-836.418243 -374.154434 216.212518
-836.588776 -373.320248 215.688063
-836.712513 -372.354169 215.461391
-836.302008 -371.528617 215.074157
-835.399946 -371.314000 214.699694
-835.055660 -371.416874 213.766482
-835.090416 -371.152184 212.802775
-834.803017 -371.304779 211.857198
-834.409736 -371.786948 211.074355
-833.857055 -372.176892 210.337818
-832.981272 -372.452684 209.941658
-832.123314 -372.593951 209.447743
-831.173656 -372.304155 209.566775
-830.438998 -372.014873 210.180447
-830.522745 -371.073303 210.506688
-830.672941 -370.811074 211.459934
-830.610095 -370.532786 212.418373
-830.456100 -370.702771 213.391713
-830.552825 -371.309395 214.180795
251  
1037.822513 -150.688885 784.020627
1038.362356 -150.457425 784.829945
1038.516365 -150.022005 785.716901
1038.209426 -149.313082 786.351894
1037.777727 -149.196039 787.246286
1037.192826 -149.846109 787.731363
1036.731806 -150.330915 788.474614
1036.750403 -150.700808 789.403502
1036.831256 -151.212775 790.258694
1037.006170 -151.827667 791.027663
1037.187373 -152.590134 791.648799
1036.671843 -153.185373 792.265175
1036.776624 -154.034464 792.782925
1037.316549 -154.874882 792.736255
1037.883224 -155.519146 793.249873
1037.889990 -156.108344 794.057833
1037.925468 -155.589750 794.912118
1038.241743 -155.702040 795.854116
1038.805246 -156.175445 796.531133
1039.427985 -156.495443 797.245134
1038.834239 -156.927481 797.923963
1038.407948 -157.780160 798.225982
1038.118932 -158.683725 798.542272
1037.419284 -159.397570 798.511976
1036.624058 -159.961972 798.290467
1035.674109 -160.154626 798.536397
1034.694020 -160.053521 798.707286
1033.765483 -160.097519 799.075910
1033.114896 -159.561153 799.613543
1032.415677 -158.888581 799.371181
1031.806727 -158.139746 799.109597
1030.891731 -157.750878 799.217133
1030.170332 -157.058690 799.238541
1029.501874 -156.369611 798.958660
1029.249313 -155.437809 798.697972
1029.506609 -154.494864 798.909288
1029.625613 -153.848836 798.155309
1029.194028 -153.014039 798.497141
1029.232725 -152.244155 799.134150
1029.611330 -151.500869 799.685679
1029.735817 -150.780836 800.368361
1030.267209 -150.423431 801.136400
1030.952154 -149.767495 801.453571
1031.909431 -149.606238 801.693606
1032.801925 -149.620307 802.144446
1033.758239 -149.909652 802.186206
1034.407137 -150.257522 801.509510
1034.754527 -150.320491 800.573906
1034.968778 -151.093666 799.977000
1035.299898 -151.580510 799.168704
1035.498877 -151.962238 798.266102
1035.714837 -152.559576 797.493736
1036.176570 -153.445892 797.458434
1036.887543 -153.609933 796.774615
1037.265715 -153.902656 795.896379
1037.766498 -154.476710 795.248553
1038.408221 -154.976389 794.666735
1039.213647 -155.527969 794.449827
1039.526891 -156.438428 794.179748
1039.956930 -157.024434 793.492971
1040.397393 -156.860314 792.610329
1040.711999 -156.946041 791.664985
1040.894056 -156.883618 790.683681
1041.299284 -157.233987 789.839269
1042.154588 -157.493746 789.390959
1042.924896 -158.007853 789.013706
1043.918113 -158.059235 788.909406
1044.878978 -157.841145 789.080217
1045.827003 -157.571511 789.249171
1046.567160 -157.832198 789.869018
1047.073703 -157.770983 790.729057
1047.315114 -157.599581 791.684223
1048.304896 -157.557936 791.820601
1048.958867 -156.867576 791.511208
1049.160512 -155.954040 791.157950
1049.525401 -155.054678 790.917108
1050.018819 -154.395439 790.349708
1050.148557 -153.586429 789.776410
1049.404311 -153.001830 789.453391
1048.673703 -152.423626 789.090221
1047.785216 -152.255709 788.663144
1046.856672 -151.930401 788.484312
1045.917288 -151.589689 788.445939
1045.129857 -150.973494 788.461929
1044.307150 -150.407630 788.407601
1043.573465 -149.733718 788.494491
1042.589921 -149.907967 788.446770
1042.364547 -150.878400 788.360362
1042.481864 -151.859007 788.203371
1042.335974 -152.738040 787.749481
1042.853197 -153.482924 788.170941
1043.321423 -154.151645 788.748502
1043.733471 -154.881739 789.293643
1044.455326 -155.509673 789.584546
1045.379122 -155.642803 789.943540
1045.999832 -156.194175 790.500952
1046.366029 -156.319077 791.423069
1046.689474 -156.891480 792.176553
1046.758263 -157.833272 792.505638
1047.079612 -158.776868 792.585391
1047.200806 -159.527027 791.935334
1047.225636 -160.471536 791.607788
1046.390681 -161.007109 791.481251
1045.511161 -161.425271 791.254128
1044.569457 -161.092163 791.301380
1043.696669 -160.838858 790.884155
1042.904435 -160.584202 790.329613
1041.994353 -160.336320 789.997491
1041.323102 -159.673533 790.329357
1040.341467 -159.843240 790.242222
1039.450465 -160.129028 790.594983
1038.543329 -160.300086 790.979487
1038.739052 -160.375772 791.957221
1038.837019 -159.712519 792.699177
1039.057195 -158.739602 792.769573
1039.394270 -157.894227 792.355180
1040.059049 -157.413107 791.783698
1040.350893 -157.003013 790.919608
1040.537834 -156.286955 790.247065
1040.480753 -155.648598 789.479444
1040.186230 -155.063210 788.724078
1039.643854 -154.675078 787.978973
1039.370870 -154.734341 787.018782
1039.185022 -154.322911 786.126490
1038.211379 -154.285936 785.901431
1037.598107 -154.609517 785.180880
1037.133931 -154.764310 784.308768
1036.549498 -155.397915 783.801833
1035.611916 -155.714902 783.944868
1034.619449 -155.813210 784.017974
1033.730599 -155.372049 783.894190
1033.140125 -154.586593 784.079664
1032.660588 -153.755933 784.362590
1032.155045 -153.015245 784.805091
1031.694820 -152.158381 784.572760
1031.135751 -151.458958 784.127509
1030.880873 -150.561352 783.767868
1030.582909 -149.622377 783.595990
1030.141607 -148.738550 783.751243
1030.419394 -147.839429 784.089497
1030.533778 -146.846367 784.062209
1031.164149 -146.204501 784.498835
1031.491477 -145.375440 784.952172
1031.326543 -144.781683 785.739730
1030.665401 -144.748981 786.489278
1030.361401 -144.839626 787.437628
1030.250181 -144.811421 788.431023
1029.812293 -144.611153 789.307463
1029.136393 -144.282288 789.967014
1029.571240 -144.210025 790.864614
1029.599296 -144.120235 791.860179
1029.378344 -143.913266 792.813250
1029.040607 -144.231214 793.699163
1028.547716 -144.951172 794.187752
1028.463044 -145.775538 794.747441
1028.119324 -146.713848 794.785249
1028.273010 -147.699341 794.857252
1028.658442 -148.620005 794.919054
1029.488059 -149.175079 794.858814
1030.068349 -149.904523 794.496634
1030.642007 -150.427969 793.866617
1031.313347 -150.995607 793.390079
1032.262696 -150.720195 793.238802
1033.228417 -150.567534 793.448750
1033.586057 -149.716520 793.833288
1033.749795 -148.771301 793.550884
1034.485660 -148.440843 792.959869
1034.809645 -148.175897 792.051663
1035.571635 -147.871701 791.479968
1034.950079 -147.674124 790.721924
1033.997804 -147.736367 790.423096
1033.277622 -147.899748 789.748823
1032.873024 -147.996146 788.839423
1032.244475 -148.365060 788.154712
1031.447723 -148.253577 787.560779
1030.672517 -147.645157 787.730725
1030.499138 -146.718576 788.064472
1030.143925 -146.238688 788.866676
1029.964701 -146.051224 789.832459
1029.956496 -145.689020 790.764522
1029.639119 -144.919819 791.319140
1029.681212 -144.288472 792.093496
1030.333862 -144.229800 792.848881
1031.148405 -144.053496 793.401544
1032.038230 -143.929984 793.840812
1032.937273 -143.695821 794.210797
1033.695972 -143.361790 794.770082
1034.283024 -143.084334 795.530600
1035.021898 -142.630252 796.028470
1035.882731 -142.274939 796.392777
1036.544412 -141.663825 796.827194
1036.969953 -141.581522 797.728382
1037.381302 -141.842695 798.601641
1037.881175 -142.183185 799.398003
1037.906648 -142.492801 800.348524
1037.486879 -143.333724 800.690054
1036.786016 -143.984635 800.398327
1036.127495 -144.093636 799.653700
1035.532302 -144.247944 798.865072
1035.913518 -144.732991 798.078050
1036.418100 -145.231018 797.372809
1036.742288 -145.912983 796.717197
1037.144511 -146.760076 796.369851
1036.980404 -147.746458 796.380806
1037.235043 -148.498530 796.988709
1037.999218 -148.825981 797.544418
1038.863065 -149.242534 797.827707
1039.707788 -149.666592 798.154229
1040.036514 -150.044026 799.019956
1040.048668 -151.030120 799.185701
1040.177862 -151.682022 799.932917
1040.019552 -152.635468 800.189584
1040.709044 -153.123416 800.724848
1041.128010 -154.008039 800.929565
1041.246313 -154.881029 800.456390
1041.710707 -155.665427 800.045224
1042.399585 -156.183009 799.537724
1042.294909 -157.004358 798.976986
1042.030253 -157.850438 798.514270
1041.725061 -158.716277 798.117809
1041.870043 -159.355930 797.362942
1041.954322 -160.204396 796.840446
1041.765132 -161.001872 796.267523
1042.089730 -161.694652 795.623558
1041.875383 -162.353598 794.902555
1041.708730 -163.048291 794.202820
1040.999755 -163.625393 793.797472
1040.146533 -164.146083 793.767567
1039.160310 -164.064905 793.911702
1038.197138 -163.796071 793.906424
1037.818993 -163.012134 793.414033
1037.351870 -162.230365 793.000957
1036.929968 -161.414521 792.605485
1036.275982 -161.007873 791.967566
1036.106340 -160.053175 791.723083
1035.528462 -159.396515 791.238465
1035.478113 -158.425782 791.003638
1035.293547 -157.443238 790.980336
1034.699881 -156.667560 790.766133
1034.591007 -156.609644 789.773766
1034.481281 -156.306339 788.827211
1034.369670 -156.011519 787.878199
1034.420764 -155.713406 786.925037
1034.449235 -155.117370 786.122584
1035.239294 -154.665938 785.707835
1035.823044 -153.879676 785.505284
1035.971298 -153.012953 785.029037
1035.859275 -152.403892 784.243864
1036.237457 -151.805417 783.537602
1037.056568 -151.278155 783.763547
1037.822513 -150.688885 784.020627
251  
251.411907 -285.624802 -165.526106
251.482622 -285.651865 -164.528977
250.981135 -285.106316 -163.857496
250.237262 -284.534842 -163.510984
249.426967 -283.978382 -163.327205
248.505275 -283.889138 -162.949689
247.544069 -284.141323 -163.061427
246.699269 -284.521104 -163.438361
246.138439 -285.326216 -163.245321
245.452217 -286.022798 -163.035859
244.662814 -286.484855 -163.440021
243.860318 -286.547464 -164.033383
243.652825 -286.840531 -164.966688
243.614698 -287.079721 -165.936912
243.474447 -286.437771 -166.690723
243.803265 -285.821967 -167.406728
244.064134 -285.087995 -168.033811
244.705884 -284.483444 -168.505696
245.670086 -284.284075 -168.680530
246.524883 -284.477825 -169.161968
246.654647 -284.271681 -170.131847
247.092706 -283.589685 -170.717497
247.457164 -283.061446 -171.484396
247.583629 -282.506409 -172.306553
247.432607 -282.066236 -173.191674
246.770964 -282.114732 -173.939923
246.132517 -282.288657 -174.689680
245.160632 -282.523880 -174.679217
244.527689 -281.919364 -174.195540
244.582810 -281.192940 -173.510508
244.679457 -280.489408 -172.806446
244.592519 -279.799185 -172.088091
244.363421 -279.313502 -171.244512
243.665930 -280.023674 -171.148794
243.258426 -280.936545 -171.124162
243.121805 -281.894596 -171.376100
243.917314 -282.408913 -171.696480
244.629985 -282.892709 -172.204458
245.580707 -283.139385 -172.392286
245.817290 -283.377579 -173.334248
246.505809 -283.599451 -174.024693
247.233634 -284.021453 -174.565234
248.213179 -284.088387 -174.375464
248.782095 -284.697402 -173.822802
249.349230 -285.343039 -173.311421
250.062072 -286.014703 -173.513223
250.516601 -286.695992 -174.087024
251.213865 -287.236074 -174.558335
251.652165 -288.103697 -174.323548
252.095016 -288.997262 -174.397195
252.861244 -289.639786 -174.389620
253.519642 -290.135837 -173.823541
254.509099 -290.096176 -173.684247
255.231262 -289.863708 -173.032757
255.575123 -289.978622 -172.100794
255.379794 -290.219881 -171.150194
255.226913 -289.791318 -170.259710
255.173999 -289.044926 -169.596311
255.070091 -288.342236 -168.892443
254.847100 -287.367441 -168.885456
254.741503 -286.387901 -169.056776
255.220388 -285.813430 -169.720593
255.958615 -285.219464 -170.040318
256.610119 -285.724515 -170.606415
257.169131 -286.463005 -170.983428
257.732879 -287.244409 -171.251002
258.597939 -287.263016 -171.752324
259.597532 -287.238096 -171.766184
260.557143 -287.410539 -171.543900
261.476115 -287.686988 -171.262712
261.851738 -288.222045 -170.505994
262.035684 -287.915557 -169.572062
262.175340 -287.881429 -168.582451
262.146669 -288.092798 -167.605465
262.204208 -289.036559 -167.279884
262.364221 -289.579859 -166.455734
261.980496 -290.340892 -165.932681
261.867232 -291.080571 -165.269323
261.419794 -291.857737 -164.826814
260.829597 -292.648244 -164.663214
259.839145 -292.664733 -164.526342
259.083951 -292.383012 -163.934468
258.096976 -292.501975 -164.042764
257.522683 -293.159529 -164.530421
257.081707 -293.753518 -165.203264
256.547756 -294.366753 -165.785362
255.820768 -294.571438 -166.440796
255.209178 -295.061477 -167.061939
255.433006 -295.198168 -168.026934
256.164334 -295.233818 -168.708028
256.970279 -295.478901 -169.246903
257.671017 -295.948428 -169.784035
258.400897 -296.523784 -170.153145
258.868240 -296.339866 -171.017879
259.512810 -296.377906 -171.781478
260.344859 -295.840147 -171.917525
261.008366 -295.112994 -171.741434
261.381267 -294.188309 -171.818254
261.648228 -293.496557 -172.489232
262.334997 -292.958680 -172.978146
263.001009 -292.292630 -173.314010
263.740536 -291.790122 -173.761878
263.853257 -290.859775 -174.110804
264.020201 -289.881251 -174.231719
263.892392 -288.912532 -174.444436
264.163056 -287.949897 -174.435781
264.140554 -287.069499 -174.909483
264.330495 -286.091673 -174.997686
264.017649 -285.275111 -174.512553
263.889779 -284.316937 -174.256521
263.662775 -283.691735 -173.509801
263.522224 -282.716887 -173.336837
263.058503 -281.902752 -173.686332
262.684703 -281.181293 -174.269230
261.894376 -280.574891 -174.181716
260.910708 -280.474305 -174.032454
259.936562 -280.292198 -173.898748
259.024772 -279.969720 -173.644492
258.144259 -279.552441 -173.419601
257.149210 -279.579845 -173.324067
256.150578 -279.593623 -173.273619
255.457513 -279.537156 -172.554960
254.850827 -279.887752 -171.841508
253.923865 -280.259638 -171.792076
253.165382 -279.704267 -172.133056
252.237752 -279.710309 -171.759606
251.302152 -279.533978 -171.453728
250.639478 -280.272604 -171.330059
250.038189 -281.026715 -171.065920
249.366926 -281.725125 -170.817668
248.758256 -282.511664 -170.713377
249.115133 -283.399659 -171.003385
249.123009 -284.370256 -171.243966
248.587468 -284.941111 -171.866317
247.896488 -285.479861 -172.348287
247.465993 -286.015630 -173.074665
247.072572 -286.652312 -173.737882
246.527623 -287.321576 -174.242972
246.163044 -287.763837 -175.062415
245.886906 -288.679281 -175.355179
245.299173 -289.163162 -176.003584
244.664583 -289.525464 -176.686250
244.647975 -290.235757 -177.389960
244.863135 -290.928497 -178.078304
244.793433 -291.605412 -178.811058
245.223514 -292.454159 -179.118723
245.168210 -293.367890 -179.521262
245.647831 -293.954064 -180.174227
246.484662 -293.965243 -180.721573
247.279341 -294.194563 -181.283622
247.489758 -293.652490 -182.097183
247.953744 -293.143837 -182.822434
248.756823 -292.573243 -182.994155
249.702087 -292.274010 -182.864023
250.653467 -292.049240 -182.653419
251.503024 -291.814396 -182.181082
252.474717 -291.620038 -182.046783
253.418753 -291.307916 -181.940120
254.287705 -290.887972 -181.678264
254.854199 -290.086794 -181.871134
255.506306 -289.397855 -181.554718
255.390623 -288.699657 -180.848221
255.265125 -288.124623 -180.039775
255.083013 -287.347662 -179.437141
254.935254 -286.696227 -178.692963
254.181760 -286.195077 -178.267411
253.309913 -285.921167 -177.861385
252.539322 -285.874730 -177.225749
251.743053 -285.674047 -176.655064
250.828498 -285.288692 -176.532224
249.892469 -284.936834 -176.538955
249.165509 -284.250256 -176.527064
248.818476 -283.368757 -176.206865
248.312096 -282.518826 -176.061275
248.453744 -281.797104 -176.738810
248.159031 -281.854339 -177.692680
248.022410 -281.544977 -178.633759
248.569686 -281.245772 -179.415402
249.456698 -280.876397 -179.692479
250.410205 -280.591351 -179.594641
251.390684 -280.580993 -179.790991
252.314296 -280.204059 -179.721264
253.225741 -279.991982 -179.368713
254.044099 -279.426118 -179.268278
254.950633 -279.042367 -179.092401
255.925780 -278.894693 -178.927232
256.809240 -278.980088 -178.466575
257.724598 -279.298468 -178.220089
258.389428 -279.900179 -177.777433
259.022308 -280.664603 -177.654473
259.663316 -281.414613 -177.817548
260.161243 -282.142193 -178.289455
259.687742 -282.926536 -178.690208
259.234948 -283.816136 -178.750112
258.289274 -284.123657 -178.644602
257.294798 -284.074026 -178.737095
256.391302 -284.501585 -178.707290
255.865172 -284.763942 -177.898368
255.813389 -285.137602 -176.972248
256.307386 -285.608904 -176.241604
256.090513 -285.657610 -175.266620
255.664259 -285.887314 -174.391667
255.057687 -285.765235 -173.606066
254.255293 -285.536003 -173.055053
253.405942 -285.313078 -172.576610
252.446743 -285.184459 -172.828391
251.566146 -285.243581 -173.298554
251.728799 -285.675479 -174.185689
251.844133 -285.774774 -175.174041
251.930003 -285.888447 -176.163841
252.241889 -286.597129 -176.796689
252.057065 -287.578836 -176.842436
252.879299 -288.062912 -177.141770
253.187495 -289.012844 -177.090344
253.315270 -289.984837 -177.287585
253.332073 -290.964564 -177.487218
253.323707 -291.913190 -177.803505
253.578866 -292.725612 -177.279230
254.185561 -293.513047 -177.388174
254.958766 -293.918698 -177.875617
255.851526 -293.473946 -177.803688
256.829288 -293.488061 -177.594447
257.505373 -293.375128 -176.866329
258.212567 -292.933129 -176.314502
258.983566 -292.296490 -176.298671
259.212507 -291.334067 -176.444714
258.697817 -290.477969 -176.491498
258.108955 -289.727332 -176.791141
257.459876 -289.030250 -177.095727
256.683549 -288.489636 -177.419846
255.915187 -287.881815 -177.219410
255.175535 -287.549917 -176.633955
254.875436 -286.701925 -176.197092
254.345031 -285.964982 -175.778062
253.643718 -285.417845 -175.321114
252.680275 -285.616730 -175.500622
251.839275 -285.253357 -175.901471
251.122799 -284.980666 -175.259363
251.020836 -284.956850 -174.264860
250.594935 -284.616495 -173.426548
250.397739 -284.008048 -172.657844
250.132788 -283.206593 -172.121681
250.579471 -282.773487 -171.338806
250.876574 -282.492366 -170.426282
251.210693 -282.109178 -169.565160
251.958645 -282.299701 -168.929339
251.876763 -283.155843 -168.419127
252.001499 -283.904341 -167.767827
251.696219 -284.701508 -167.246935
251.394841 -285.133061 -166.396680
251.411907 -285.624802 -165.526106
251  
-631.271702 -1094.448647 562.076502
-630.945005 -1095.380498 561.918636
-630.211849 -1095.931533 562.317188
-629.532952 -1096.663755 562.371488
-628.718964 -1097.116879 562.734947
-627.833693 -1097.140360 563.199430
-626.920376 -1097.014314 563.586682
-626.203335 -1097.174928 564.264956
-625.765220 -1097.160309 565.163756
-625.376515 -1097.327048 566.069905
-624.793058 -1097.170464 566.866811
-624.140680 -1096.550384 567.302592
-623.666484 -1095.685053 567.140296
-622.940818 -1095.000733 567.211812
-622.307743 -1094.489570 566.630496
-621.695012 -1094.440475 565.841730
-621.028677 -1093.958818 565.272517
-620.418855 -1093.469139 564.649354
-619.599682 -1093.520124 564.078077
-619.681437 -1093.370916 563.092657
-619.101996 -1093.559660 562.299800
-618.671030 -1094.335185 561.838464
-618.026479 -1095.053880 562.099294
-617.186538 -1095.545265 562.329596
-616.193280 -1095.450771 562.262451
-615.425199 -1096.084178 562.168388
-615.502450 -1095.944386 561.181225
-615.728608 -1096.091870 560.218364
-616.702582 -1096.318180 560.230905
-617.630880 -1096.431521 560.585048
-618.534738 -1096.667186 560.227974
-618.836953 -1097.361378 559.574703
-618.950587 -1098.246291 559.123021
-619.915374 -1098.118903 558.892897
-620.640979 -1098.484668 558.310047
-620.961740 -1098.617477 557.372245
-621.531412 -1098.807473 556.572635
-622.123078 -1098.893824 555.771090
-622.827172 -1098.953740 555.063515
-622.975024 -1098.452962 554.210660
-623.956415 -1098.388880 554.029648
-624.939816 -1098.214214 553.980529
-625.908066 -1098.398790 553.811933
-626.079865 -1099.235391 553.291757
-626.946500 -1099.732061 553.339335
-626.656065 -1100.478824 552.741009
-625.847038 -1100.764121 552.227122
-625.028352 -1101.036781 551.721742
-624.312514 -1100.803758 551.063504
-623.571860 -1100.320487 550.596728
-622.661224 -1100.151283 550.219749
-621.946636 -1099.490795 550.450225
-621.653420 -1098.538813 550.538280
-620.872736 -1097.958983 550.771368
-620.316725 -1097.269681 550.306917
-619.752134 -1096.513949 549.975095
-619.333564 -1095.896227 549.309348
-619.895890 -1095.198454 548.865610
-620.681724 -1094.630761 548.620274
-621.619009 -1094.288544 548.554065
-622.448572 -1093.791444 548.299669
-623.348021 -1093.358417 548.240690
-624.266152 -1092.964273 548.199633
-624.799708 -1092.145611 548.412027
-625.741466 -1091.898574 548.183850
-626.502326 -1091.389518 547.781414
-626.671427 -1090.466417 547.436031
-626.919403 -1089.508500 547.580610
-626.890371 -1088.520679 547.427750
-626.811307 -1087.542088 547.237727
-627.216009 -1086.702908 547.601037
-627.407677 -1086.422070 548.541459
-627.492245 -1086.488506 549.535660
-627.432105 -1086.483746 550.533838
-628.422672 -1086.355028 550.486854
-629.378078 -1086.343677 550.781931
-630.349208 -1086.142803 550.910605
-631.268373 -1086.529468 550.985603
-631.885045 -1086.504507 551.772428
-632.334657 -1086.966288 552.537024
-632.695415 -1087.747846 553.045965
-633.141602 -1088.356589 553.701975
-633.616151 -1088.811805 554.455355
-634.011201 -1088.879052 555.371550
-634.668990 -1089.496324 555.803162
-634.813788 -1090.241031 556.454655
-634.986326 -1091.037759 557.033840
-635.070981 -1091.608006 557.850940
-635.226999 -1092.318912 558.536703
-635.074156 -1092.358748 559.524151
-634.775983 -1092.156893 560.457075
-635.216311 -1091.413645 560.960755
-634.785602 -1090.638780 561.423435
-634.017575 -1090.912339 562.002487
-633.224982 -1091.487205 561.799203
-632.337645 -1091.947948 561.780490
-631.555678 -1092.366577 562.242310
-630.737841 -1092.932807 562.344900
-629.934209 -1093.501601 562.519967
-629.419936 -1094.278409 562.883412
-629.539991 -1095.124444 563.402847
-629.614057 -1096.092213 563.643549
-629.134549 -1096.649607 564.321327
-628.447332 -1096.300284 564.958278
-627.869455 -1096.004163 565.718785
-627.463313 -1095.985839 566.632412
-627.479921 -1096.132843 567.621408
-626.855688 -1096.652875 568.204418
-626.123376 -1097.261367 568.510124
-625.657263 -1098.039897 568.089850
-625.220941 -1098.928601 567.949037
-624.968645 -1099.775278 567.480546
-625.228103 -1100.238370 566.633062
-625.075302 -1099.953436 565.686773
-625.497203 -1099.458661 564.927038
-625.017026 -1099.111866 564.121331
-624.382445 -1098.645752 563.504854
-623.755450 -1097.910312 563.247938
-623.073586 -1097.219969 563.489783
-622.238817 -1097.039395 564.009931
-621.399568 -1096.625917 564.363055
-620.457709 -1096.424846 564.093848
-619.563793 -1096.444771 563.646057
-619.158842 -1096.386246 562.733593
-618.649755 -1095.896471 562.025814
-618.207692 -1095.058729 561.705239
-617.389724 -1094.740254 562.184304
-616.782768 -1094.617618 562.969520
-616.072695 -1094.965273 563.581836
-615.231828 -1094.505041 563.297006
-614.576337 -1094.044190 562.698718
-614.427479 -1094.050057 561.709877
-614.141531 -1093.903866 560.762849
-614.378086 -1093.617751 559.834312
-614.449735 -1093.351926 558.872957
-614.985419 -1093.741637 558.123846
-615.680677 -1094.278613 557.646066
-616.017307 -1094.369431 556.708819
-616.439406 -1094.020488 555.872116
-617.139934 -1094.027506 555.158525
-617.978836 -1093.632649 554.783918
-618.756963 -1093.140185 555.173786
-619.422805 -1092.449572 555.456113
-620.130653 -1091.953001 555.958475
-621.003648 -1091.763682 556.407961
-621.636361 -1091.323853 557.045319
-622.417491 -1091.055509 557.609081
-622.637946 -1090.090123 557.748469
-623.018235 -1089.277659 557.306560
-623.741184 -1088.589009 557.362276
-624.392456 -1087.945588 556.959965
-624.813192 -1087.144891 556.533507
-625.466992 -1086.433353 556.276096
-625.055416 -1085.783032 555.637592
-624.677210 -1084.995724 555.150656
-623.782850 -1084.554576 555.076440
-623.066887 -1084.394939 555.756082
-622.313280 -1083.761907 555.579032
-621.736143 -1083.029291 555.939847
-621.271138 -1082.312125 556.458925
-620.807754 -1081.936502 557.261536
-620.180510 -1081.940775 558.040346
-619.553219 -1081.671687 558.771166
-619.321728 -1081.174465 559.607337
-618.884339 -1080.901303 560.464118
-618.335865 -1081.221598 561.236509
-618.218731 -1081.817676 562.030846
-618.264072 -1082.462951 562.793449
-617.434272 -1083.021000 562.797079
-617.527408 -1083.966983 562.486529
-617.883518 -1084.885741 562.316032
-618.347588 -1085.740156 562.082338
-619.153224 -1086.304330 562.263052
-619.875522 -1086.032321 562.898896
-620.689086 -1086.120409 563.473660
-621.650078 -1086.235016 563.725375
-622.578810 -1085.977673 563.992266
-623.465714 -1085.593315 563.736003
-624.455350 -1085.733706 563.766187
-625.318951 -1086.138530 563.465669
-625.866930 -1086.343442 562.654664
-626.127361 -1086.475183 561.698202
-626.943412 -1085.988589 561.386295
-627.939431 -1086.077501 561.379822
-628.886932 -1085.892993 561.640969
-629.727729 -1085.882355 562.182215
-629.216962 -1086.178654 562.989262
-628.426196 -1086.489124 563.516801
-628.174947 -1087.190832 564.183495
-627.898017 -1088.001755 564.698968
-627.795683 -1088.488542 565.566474
-627.844776 -1089.439213 565.872768
-627.659121 -1090.410530 565.724194
-627.195434 -1091.263077 565.483034
-626.809915 -1092.185776 565.484176
-626.458141 -1093.118464 565.404501
-625.889951 -1093.133594 564.581742
-625.171787 -1093.478540 563.977381
-625.395677 -1093.646588 563.017364
-625.122170 -1092.916653 562.390954
-624.721481 -1092.133295 561.915772
-624.421008 -1091.354825 561.364681
-623.752219 -1090.649087 561.130897
-623.071744 -1090.027930 560.742160
-622.699196 -1089.111558 560.888690
-623.163634 -1088.348656 561.338442
-623.764342 -1088.217855 562.127139
-624.623389 -1087.950213 562.563494
-625.276334 -1087.382830 563.065231
-626.072020 -1087.898411 563.383130
-626.540371 -1088.214173 562.557938
-626.748211 -1088.478722 561.616229
-627.280020 -1088.883662 560.872453
-627.799958 -1089.084825 560.042274
-628.350553 -1089.784366 559.586766
-628.571799 -1090.229624 558.719128
-628.192658 -1090.446552 557.819575
-628.081769 -1090.344944 556.830950
-627.941319 -1090.522758 555.856961
-627.863152 -1090.597618 554.862835
-627.078064 -1090.108480 554.482861
-626.162086 -1089.708737 554.517356
-625.333756 -1089.149526 554.483394
-625.506649 -1088.164827 554.505211
-626.057390 -1087.847402 555.277174
-626.416619 -1087.379688 556.084762
-626.344741 -1086.919690 556.969768
-625.848118 -1086.528059 557.744358
-625.570006 -1086.286198 558.673959
-625.601799 -1086.243919 559.672558
-625.394925 -1085.369392 560.111201
-625.405566 -1084.595494 560.744422
-625.888978 -1084.283537 561.562343
-626.566554 -1083.694120 562.002204
-627.324059 -1083.079428 562.222068
-628.123075 -1082.999335 562.818019
-628.745123 -1083.085706 563.596220
-629.486738 -1083.739764 563.745266
-629.556525 -1084.652230 563.342108
-629.787974 -1085.621021 563.430856
-630.411516 -1086.400456 563.370234
-631.042816 -1087.062314 563.774468
-631.771072 -1087.715933 563.980439
-632.215600 -1088.611654 563.971597
-632.380947 -1089.585277 563.814370
-632.365762 -1090.584755 563.842858
-632.569205 -1091.546667 563.660271
-632.937837 -1092.411932 563.320528
-632.267501 -1093.118703 563.094422
-631.709863 -1093.625058 562.436665
-631.271702 -1094.448647 562.076502
251  
62.781209 -685.238789 -1962.550046
62.010554 -684.616410 -1962.686924
61.137438 -684.133508 -1962.753800
60.331334 -683.556604 -1962.621973
59.430013 -683.340497 -1962.246582
58.625553 -682.910139 -1961.837148
57.904427 -682.435678 -1961.332307
57.770631 -681.711704 -1960.655580
58.030205 -681.676052 -1959.690515
58.943299 -681.758990 -1959.291291
59.490668 -682.571570 -1959.491547
59.670441 -683.378100 -1960.054743
60.170076 -684.208580 -1960.301051
60.670825 -684.624496 -1961.060172
61.287762 -684.963041 -1960.349695
61.105153 -684.973411 -1959.366564
61.106869 -684.629224 -1958.427665
61.522800 -685.070780 -1957.632662
61.368675 -685.855353 -1957.032087
61.698787 -686.596580 -1956.447614
60.769418 -686.227449 -1956.451502
59.901437 -685.932556 -1956.851061
59.098348 -685.526072 -1957.286742
58.930797 -685.115646 -1958.183111
58.723951 -684.288838 -1958.706182
59.179602 -683.501923 -1959.122292
59.306311 -682.532555 -1958.911887
59.379945 -681.539474 -1959.003365
59.056885 -680.594294 -1958.955755
59.970624 -680.342029 -1959.274259
60.747986 -680.956800 -1959.407542
61.545367 -680.515366 -1959.819025
62.142750 -681.314349 -1959.888014
62.459645 -682.192851 -1960.245521
62.579267 -681.256934 -1959.914237
62.367914 -680.373500 -1960.332416
62.062734 -680.644586 -1961.245311
61.348735 -680.441636 -1961.915398
60.980256 -680.273473 -1962.829698
61.067845 -679.801389 -1963.706890
61.565415 -679.918580 -1964.566361
61.744275 -680.128192 -1965.527647
62.742803 -680.153818 -1965.575461
63.368234 -680.105375 -1964.796687
63.861263 -680.693345 -1964.155428
64.460139 -681.486304 -1964.267520
64.822010 -682.167402 -1964.904037
64.677610 -683.082622 -1965.280229
64.773264 -684.063511 -1965.110796
64.655500 -685.047309 -1965.245972
64.676568 -685.983827 -1965.595959
65.072038 -686.630672 -1964.943889
65.012137 -687.590100 -1964.668370
64.203219 -688.175142 -1964.726479
63.252070 -687.953689 -1964.941595
62.867003 -688.532756 -1964.222982
62.278229 -689.035224 -1963.589838
62.414677 -689.597621 -1962.774306
63.260098 -689.819625 -1962.288531
64.183659 -689.568177 -1961.999033
64.957743 -688.947400 -1961.874811
65.840403 -688.533644 -1961.651838
66.788708 -688.503275 -1961.335934
67.781720 -688.519533 -1961.219047
68.636805 -688.037670 -1961.027638
69.251372 -687.274245 -1961.226358
69.945087 -686.591341 -1960.997444
70.783359 -686.222551 -1960.595828
71.490124 -685.835890 -1960.003397
71.946368 -684.993394 -1959.716967
72.379564 -685.446274 -1958.937711
71.957681 -686.005607 -1958.224155
71.971900 -686.612160 -1957.429239
72.133493 -687.033572 -1956.536883
71.387235 -687.450680 -1956.018116
70.500623 -687.406875 -1955.557680
69.682734 -687.216505 -1955.014711
68.765095 -687.174478 -1954.619522
68.060187 -687.601941 -1954.053502
67.087638 -687.408248 -1953.924531
66.100545 -687.302567 -1953.804211
65.201454 -686.953599 -1954.068516
64.854131 -686.038253 -1953.864781
64.087667 -685.396329 -1953.886386
63.310001 -684.938218 -1954.316932
63.171280 -684.031711 -1954.715683
62.802506 -683.110579 -1954.591097
63.212492 -682.213170 -1954.428100
63.453664 -681.280493 -1954.159863
63.696175 -680.564038 -1953.505737
63.929714 -679.874371 -1952.820304
64.083184 -679.498701 -1951.906346
64.963648 -679.115343 -1951.627386
65.918268 -678.867764 -1951.461841
66.569030 -678.112617 -1951.540975
67.256284 -677.417745 -1951.752718
67.767984 -676.890777 -1952.431295
68.022902 -675.983458 -1952.765644
68.351838 -675.222548 -1953.324946
68.783366 -674.574914 -1953.952921
69.138840 -674.477081 -1954.882473
69.578718 -674.386427 -1955.775943
70.294790 -673.921017 -1956.296169
71.148709 -673.530398 -1956.640028
72.140069 -673.400920 -1956.619047
72.927271 -673.379186 -1956.002735
73.686651 -673.058796 -1955.436437
74.121207 -672.535797 -1954.703203
74.296916 -672.184659 -1953.783514
74.148257 -672.305076 -1952.801984
73.367707 -672.315166 -1952.176973
73.133342 -673.058037 -1951.549904
73.360435 -673.500261 -1950.682224
73.619784 -674.165029 -1949.981637
73.922439 -674.984085 -1949.494250
73.436342 -675.854787 -1949.568997
73.370486 -676.847843 -1949.471518
73.825085 -677.732289 -1949.576854
74.187495 -678.566690 -1949.992105
74.860433 -679.286723 -1950.161536
75.289732 -680.157718 -1950.400429
75.697750 -681.057389 -1950.555716
75.766078 -682.009004 -1950.256117
75.448931 -682.957065 -1950.280585
74.996059 -683.710192 -1949.803399
74.287412 -684.266175 -1949.369000
73.665766 -684.872238 -1948.872771
73.325025 -685.488256 -1948.162547
72.612236 -685.827216 -1947.548513
71.895422 -686.380787 -1947.124560
71.236587 -686.687605 -1946.437684
70.602570 -687.215060 -1945.872163
69.705009 -687.627279 -1946.028562
69.206862 -688.112300 -1946.747313
68.903209 -688.350542 -1947.669829
68.633695 -688.770878 -1948.536247
68.613660 -689.714843 -1948.865684
67.977674 -689.219026 -1949.457027
67.418811 -688.445889 -1949.756912
66.835197 -687.826346 -1950.281850
66.152511 -687.830908 -1951.012548
65.959607 -687.147121 -1951.716269
65.604927 -686.559554 -1952.443570
65.439200 -685.775307 -1953.041476
65.025915 -684.986870 -1953.497065
64.425008 -684.187567 -1953.491897
63.915269 -683.594129 -1954.114791
63.903389 -682.946447 -1954.876610
64.760332 -682.700257 -1955.329422
65.309492 -682.581980 -1956.156727
65.854339 -681.934187 -1956.689180
66.657242 -681.369776 -1956.497384
66.821211 -680.392973 -1956.359650
67.071403 -679.520005 -1955.940925
66.980213 -678.541375 -1955.756622
66.675938 -677.615442 -1955.532869
66.232198 -676.721548 -1955.596502
65.565426 -676.072878 -1955.963437
64.666042 -675.788669 -1956.295603
63.869133 -675.409498 -1956.765884
63.018078 -675.067801 -1957.164570
62.313221 -674.367286 -1957.276166
61.632306 -673.645860 -1957.150069
61.074966 -672.839217 -1956.953348
60.930952 -671.935450 -1957.356416
61.337998 -671.031227 -1957.485626
61.010980 -670.111061 -1957.700925
60.542959 -669.782545 -1958.521311
60.209272 -669.376955 -1959.372281
60.808434 -668.914669 -1960.025960
61.769563 -669.145856 -1960.176898
62.756687 -669.001508 -1960.107974
63.484021 -668.368263 -1959.843425
64.049203 -667.839597 -1959.210115
64.652779 -667.550639 -1958.467014
65.393883 -667.188008 -1957.901979
65.652428 -666.512105 -1957.211828
65.812005 -666.122085 -1956.304954
66.366117 -665.654512 -1955.616234
67.297485 -665.637537 -1955.252552
68.248278 -665.758477 -1954.967305
69.149839 -665.404435 -1954.718626
70.010479 -665.911429 -1954.671124
70.919606 -666.311274 -1954.787795
71.612047 -666.968257 -1954.489637
72.346206 -667.132268 -1953.830766
73.305477 -667.413942 -1953.809315
74.116654 -667.722008 -1953.312236
74.844769 -668.400207 -1953.212761
75.545713 -668.990886 -1952.813042
76.048502 -669.315060 -1952.011721
75.930232 -669.730811 -1951.109966
75.966214 -670.203103 -1950.229258
75.781326 -671.183184 -1950.156751
74.880109 -671.607123 -1950.246667
74.064371 -672.185261 -1950.228563
73.394752 -672.840523 -1950.578194
72.689257 -672.759326 -1951.282242
71.923987 -672.376394 -1951.799664
71.502041 -671.478594 -1951.925825
71.013146 -670.607905 -1951.872147
70.195799 -670.285654 -1952.349744
69.864876 -670.550861 -1953.255368
69.415575 -670.447771 -1954.142781
69.505477 -670.385708 -1955.136796
70.302804 -670.671474 -1955.668404
71.047864 -670.653815 -1955.001641
71.689060 -670.384041 -1954.283247
71.942910 -670.490318 -1953.321860
72.015305 -670.747240 -1952.358143
72.358302 -670.730629 -1951.418954
71.920958 -670.775469 -1950.520778
71.512547 -670.924442 -1949.620218
70.981851 -671.118960 -1948.795280
70.333830 -671.117130 -1948.033660
69.683318 -671.135786 -1947.274392
69.074060 -671.493049 -1946.566460
68.309488 -672.136764 -1946.599013
67.652436 -672.846657 -1946.345369
66.791867 -673.299800 -1946.112813
66.238382 -673.981642 -1946.591085
65.718818 -674.532376 -1947.244343
66.556584 -675.018984 -1947.492053
67.266992 -675.342827 -1948.116910
67.689783 -675.596412 -1948.986935
68.104342 -675.675834 -1949.893485
68.129646 -675.858901 -1950.876259
68.819959 -675.797518 -1951.597161
69.276434 -676.073471 -1952.443022
69.812789 -676.637583 -1953.070796
69.651666 -676.822975 -1954.040162
69.014370 -677.313080 -1954.634847
68.605862 -678.091777 -1955.111032
68.003057 -678.777157 -1955.519543
67.579105 -679.650602 -1955.759038
68.103414 -680.329191 -1956.273447
67.876059 -680.790688 -1957.130961
67.445857 -681.428994 -1957.769311
66.940271 -681.649531 -1958.603425
66.898483 -682.402124 -1959.260584
67.330031 -683.098729 -1959.833740
68.199470 -683.391220 -1960.231891
68.904356 -683.605921 -1960.907939
68.987242 -683.817545 -1961.881769
68.152879 -683.910110 -1962.425157
67.245247 -684.046641 -1962.028216
66.320087 -684.405406 -1961.904249
65.338118 -684.406622 -1961.715213
64.402033 -684.695157 -1961.916443
63.480882 -685.079258 -1961.853621
62.781209 -685.238789 -1962.550046
251  
245.845029 114.812701 -178.949863
245.216296 114.039410 -179.031806
244.522920 113.399361 -179.362816
243.773355 112.801076 -179.646025
242.941583 112.326749 -179.934415
242.322148 111.557140 -180.089344
241.927442 110.854826 -180.681765
241.753586 111.531128 -181.397580
241.806194 112.024926 -182.265563
242.658371 112.211641 -182.754369
243.396031 111.685114 -183.177012
244.138554 112.324148 -182.976276
245.134612 112.375206 -182.903743
246.044518 112.052224 -182.643449
247.016611 111.973442 -182.422475
247.958083 112.242993 -182.624892
248.650122 111.990786 -181.948524
249.391252 111.736306 -181.327262
250.274994 111.322813 -181.108119
251.167212 111.238168 -180.664519
251.991139 111.297119 -180.100897
251.965817 112.163125 -179.601506
251.945894 113.095342 -179.240155
251.680940 114.016381 -178.954694
251.688214 115.014991 -178.902504
250.936465 115.647264 -178.715141
250.034942 115.978299 -178.436443
249.870525 115.304789 -179.157104
249.674040 114.912995 -180.055931
250.017105 114.393879 -180.838763
250.402302 113.782577 -181.530090
250.850194 113.022024 -182.000145
251.526899 112.573218 -182.583792
251.750706 112.877404 -183.509740
251.860516 113.612312 -184.178958
251.911616 114.105917 -185.047142
251.961260 114.424493 -185.993738
252.324614 114.548551 -186.917093
252.777410 114.791061 -187.775093
253.234589 114.390847 -188.569332
253.785514 113.978395 -189.294842
254.283479 113.193352 -189.663269
254.256120 112.246599 -189.984065
254.460116 111.428796 -190.522195
254.672987 110.472163 -190.721037
255.572303 110.375115 -191.147431
256.433683 110.488282 -191.642626
257.424732 110.620560 -191.660634
258.400090 110.482746 -191.488344
259.396875 110.413404 -191.448196
260.357810 110.331712 -191.183752
261.296262 110.667861 -191.104311
262.197220 111.001758 -190.827206
263.023266 110.438744 -190.801448
263.688742 109.708842 -190.957608
264.392893 109.003549 -191.039662
264.987027 108.280063 -190.688132
265.429820 107.385580 -190.626209
265.879271 106.704632 -190.048019
266.336472 105.816012 -190.084354
266.703226 104.896136 -189.945355
265.820676 104.458498 -190.117337
265.126664 103.759223 -189.945983
264.520286 102.976163 -190.084272
263.744265 102.348946 -190.018030
262.751293 102.257865 -189.942456
261.997692 101.965592 -190.531236
261.268992 101.798086 -189.867204
260.320344 101.738679 -190.177908
259.400080 101.353156 -190.110925
258.508920 101.210529 -189.680238
257.653935 100.786765 -189.381198
256.928659 100.542196 -188.737645
256.204641 101.223846 -188.843245
255.212460 101.287565 -188.950560
254.521264 100.688909 -188.545765
254.130333 100.513650 -187.642185
254.889466 100.691350 -187.015975
255.372719 101.489703 -186.656671
255.282339 102.469544 -186.478504
255.352043 103.152580 -185.751453
254.899132 103.848363 -185.193997
253.987830 103.742130 -184.796199
253.012210 103.770707 -184.578600
252.108823 103.665739 -184.994380
251.181554 104.039152 -185.021489
250.208289 104.185092 -184.844126
249.479651 103.580401 -184.522512
248.571155 103.647640 -184.110063
248.116647 103.400641 -183.254251
247.808506 102.512148 -182.914207
248.072460 101.644693 -182.492486
248.718383 101.223342 -181.855895
248.941871 100.920788 -180.929335
249.262015 100.237419 -180.273199
249.999400 99.631087 -180.570898
250.427308 99.702841 -181.471867
250.455271 99.125901 -182.288174
250.708424 98.811530 -183.203098
250.699917 99.271947 -184.090759
250.464808 99.954285 -184.782958
250.640050 100.872650 -185.137776
250.851899 101.812400 -185.406085
251.151664 102.734677 -185.162062
251.215766 103.582475 -184.635632
250.634106 104.116099 -184.021696
250.269358 104.772737 -183.361556
249.439730 105.163868 -182.963142
249.079532 105.072827 -182.034719
248.403797 105.427839 -181.388694
247.467052 105.567675 -181.067827
246.601743 106.056841 -180.958480
245.838515 106.663485 -181.180889
245.442643 107.085341 -180.365215
244.510283 107.370242 -180.142644
244.154363 108.129054 -179.597186
244.365395 109.033580 -179.226649
244.899742 109.565847 -178.570017
245.030990 109.432666 -177.587654
245.817569 109.268439 -176.992403
246.503379 109.012046 -176.311281
247.449444 109.026839 -175.987644
248.156158 109.698818 -175.766282
248.513554 110.615081 -175.585368
249.267486 111.266276 -175.672154
250.191548 111.335470 -175.296227
250.786925 111.559367 -174.524608
251.604959 111.807681 -174.005801
252.323959 111.511273 -173.377166
253.142568 111.350918 -172.825653
253.814550 112.061040 -172.615491
254.242081 112.957368 -172.497968
254.126687 113.949707 -172.453834
254.745409 114.688538 -172.720880
255.436365 115.408472 -172.655503
255.883289 116.297279 -172.554105
255.521715 117.014844 -173.149391
255.121393 117.554409 -173.890074
254.761745 117.919470 -174.748784
254.550933 118.278161 -175.658124
254.259373 118.657114 -176.536411
254.019728 118.304482 -177.440966
253.981552 117.846552 -178.329134
254.392314 117.687108 -179.226827
254.697686 118.259211 -179.988041
255.429050 118.476017 -180.634649
256.255619 118.542700 -181.193521
257.212116 118.563005 -181.484554
257.960910 118.043011 -181.895545
258.264231 117.090748 -181.930055
258.566984 116.344682 -181.336990
258.334635 115.472013 -180.907499
258.208496 114.532130 -180.590151
258.437450 113.698193 -180.088026
258.340394 112.741694 -179.812911
258.235261 111.767073 -180.010551
257.832003 111.067212 -180.600107
257.384704 110.715204 -181.422309
256.546756 110.668591 -181.966065
256.089757 109.995052 -182.547010
255.289245 109.445809 -182.786829
255.072012 108.769711 -183.490889
255.233943 107.859570 -183.872232
255.863010 107.113008 -183.655622
256.689794 106.676330 -184.010221
256.921877 105.862609 -183.477308
257.501849 105.709155 -182.677256
257.766739 105.760413 -181.714340
258.757081 105.624869 -181.685166
259.720169 105.357253 -181.714213
260.658401 105.498876 -181.398520
261.285089 105.408106 -180.624554
262.180685 105.496572 -180.188571
262.296439 105.488972 -179.195322
262.969166 105.412542 -178.459389
263.475273 105.359112 -177.598575
264.007308 106.033670 -177.086803
264.720369 106.702744 -176.877319
265.483333 107.343843 -176.960252
265.855512 108.065080 -177.544461
265.549316 108.917759 -177.967763
265.125527 109.563319 -178.603101
264.994837 110.523258 -178.850966
265.030188 111.079561 -179.681194
264.271688 111.615134 -180.052459
263.276467 111.702155 -180.096777
262.504362 111.501829 -180.699872
261.506107 111.445939 -180.680850
260.703340 110.885540 -180.477091
260.131830 110.251021 -179.956743
260.247779 109.433654 -179.392414
260.358513 108.578143 -178.886608
260.259353 107.587251 -178.795510
260.829812 106.778979 -178.941364
261.485173 106.041162 -179.103006
262.087002 105.244122 -179.052713
262.594014 104.705679 -179.725779
262.693341 103.859052 -180.248614
262.754800 102.892923 -179.997980
262.498202 101.959157 -179.748504
261.982106 101.112647 -179.617870
261.809469 100.378336 -178.961376
261.565828 100.056386 -178.046506
260.957364 100.606282 -177.474329
260.423738 100.474089 -176.639004
259.749613 101.015534 -176.136617
258.850407 101.408047 -175.943321
258.426403 102.050089 -175.304571
258.189483 102.405928 -174.400553
257.395129 102.961275 -174.154399
256.424006 103.199500 -174.167362
255.695229 103.883417 -174.133568
255.226735 104.470062 -174.794145
254.550791 104.619035 -175.515883
254.532851 105.498231 -175.992006
255.028928 106.245610 -176.433969
255.393314 106.966234 -177.023821
255.863452 107.570724 -177.666908
255.577580 108.352219 -178.221473
255.594841 109.216862 -178.723563
256.008286 110.078380 -179.018267
255.437516 110.852545 -179.291928
255.211524 111.735262 -179.703919
254.939027 112.682114 -179.874849
254.882040 113.604647 -180.256537
255.221011 114.322036 -180.865184
255.635236 115.212722 -181.052527
255.255826 115.915513 -180.450753
255.162227 116.635316 -179.762914
254.657382 117.289220 -179.199405
254.244070 117.328412 -178.289660
253.559220 117.979029 -177.961516
252.950459 118.747431 -177.764112
252.686124 119.330679 -176.996031
252.673761 120.326572 -176.906334
252.644403 121.304374 -177.113798
252.075147 122.000124 -176.675757
251.336765 122.481319 -176.203269
251.055594 122.428187 -175.245084
250.283136 122.696378 -174.669426
249.540545 122.200740 -175.119874
249.078079 121.315581 -175.171036
248.549754 120.479570 -175.319223
247.820174 119.797091 -175.363209
247.800173 118.802467 -175.464810
247.537759 117.946190 -175.909702
247.603718 117.329108 -176.693832
247.237158 116.957382 -177.546740
246.716498 116.172739 -177.883266
246.082262 115.644185 -178.447513
245.845029 114.812701 -178.949863
251  
89.608207 139.881003 -173.288007
90.008374 139.360704 -172.533584
90.592541 138.973992 -171.820000
91.325602 138.364588 -171.517925
92.107787 138.245285 -170.906407
92.630587 138.859939 -170.315747
93.296151 139.551097 -170.034099
93.987811 140.272630 -170.002538
94.800124 140.855809 -169.995455
95.098249 141.603547 -170.588759
94.954272 142.539135 -170.911163
94.641039 143.356563 -171.394586
94.067702 143.927542 -171.982180
93.921074 144.658546 -172.648613
94.122196 144.800769 -173.617800
94.794524 145.538190 -173.682483
94.703982 146.360311 -174.244551
95.233745 147.208204 -174.223883
95.745293 147.206332 -175.083136
96.571981 147.269426 -175.642247
97.124465 147.560468 -176.423308
97.257533 148.435214 -175.957354
96.914699 149.223071 -175.445743
96.740208 150.145530 -175.101327
95.802957 150.404873 -175.334355
94.850455 150.702202 -175.268516
94.055358 151.181276 -174.896617
93.764620 151.123729 -173.941546
93.113601 151.005031 -173.191823
92.195681 151.051475 -172.797785
91.670062 150.520275 -172.133291
91.390615 149.909910 -171.392101
90.679957 149.325424 -171.000511
89.883187 148.753613 -170.805088
89.358009 148.327888 -171.541936
88.438754 148.017966 -171.784670
87.544443 147.670232 -172.066254
86.629356 147.443873 -172.399984
86.357232 146.481816 -172.419852
85.469567 146.105969 -172.153789
84.614669 146.183439 -171.640810
83.937778 146.164851 -170.904961
83.085282 146.195948 -170.383154
82.171019 146.500577 -170.116087
81.495277 146.583458 -169.383623
80.808993 146.788649 -168.685833
80.217440 146.676904 -167.887348
79.578705 146.182634 -167.297674
78.955957 145.643496 -166.730651
78.037072 145.341561 -166.984590
77.073511 145.175612 -167.194376
77.375850 145.534638 -168.077378
77.823907 145.778932 -168.937358
78.129035 146.444263 -169.618703
78.830026 146.703591 -170.283052
79.736957 147.054272 -170.516504
80.546609 146.916011 -171.086895
81.482571 146.780269 -171.411779
82.195588 146.145016 -171.708529
82.623371 145.462372 -172.300981
82.898502 144.619149 -172.762801
83.211753 143.978477 -173.463809
83.168656 143.619896 -174.396313
83.131189 142.747389 -174.883475
83.903997 142.277998 -175.310606
84.510054 141.716665 -175.874167
85.315958 141.151310 -176.049927
84.995060 140.362636 -175.525505
84.272883 139.746894 -175.210350
83.371693 139.392257 -174.961176
82.398189 139.429574 -174.735571
81.502123 139.747098 -174.425337
80.754811 139.888527 -173.776089
80.439790 140.302082 -172.921844
79.676940 140.322472 -172.275590
79.916701 140.025314 -171.351355
79.471413 140.018521 -170.455993
78.659751 140.598719 -170.388362
77.719703 140.938134 -170.355089
77.136465 141.696621 -170.645828
77.186677 142.242963 -171.481884
77.128671 143.177212 -171.833757
77.339509 144.105478 -171.527375
77.448764 145.058920 -171.808464
77.531122 145.999152 -172.138892
77.128749 146.904146 -172.000760
76.677197 147.792948 -171.922449
77.065144 148.470761 -171.297896
76.927448 148.990560 -170.454778
77.066141 149.853645 -169.969135
77.083763 150.752897 -169.532059
77.336914 151.586161 -169.040547
77.375717 151.287321 -168.087033
77.336747 151.716527 -167.184667
77.225855 152.092404 -166.264657
77.885802 152.694462 -165.815216
78.567860 153.291545 -165.392974
79.447029 153.707707 -165.160872
80.308913 154.212178 -165.212501
81.192093 154.617797 -164.976988
82.142932 154.482694 -164.698328
82.666035 153.668531 -164.446329
83.060831 152.978482 -163.839725
83.686116 152.714747 -163.105244
84.418055 152.157567 -162.713052
84.113078 151.261098 -163.034507
84.003467 150.275792 -162.903522
84.601736 149.480706 -162.803958
85.214910 148.709897 -162.631126
85.572067 147.872598 -162.217158
85.983126 146.965687 -162.124727
86.423249 146.078611 -161.985492
87.102746 145.345103 -161.969643
88.025468 145.007122 -162.154987
88.941494 144.646531 -161.979287
89.731835 144.059925 -162.156079
90.681067 143.757415 -162.242372
91.589190 144.117953 -162.455267
92.422532 144.300629 -162.976967
92.974921 144.446501 -163.797691
93.403552 144.052734 -164.610847
93.017503 143.441609 -165.301856
93.121919 142.455965 -165.169185
92.928149 141.489679 -164.999640
92.709160 140.520477 -165.112296
92.302048 139.770174 -165.633166
91.599401 139.260902 -166.130086
90.778630 139.108670 -166.680686
89.880511 138.825211 -167.016890
89.225425 138.969529 -167.758533
89.035480 139.290386 -168.686419
88.113114 139.424118 -169.048850
87.358464 139.564343 -169.689818
87.116121 139.877580 -170.608051
86.722843 140.145691 -171.487511
86.188639 140.043011 -172.326607
85.408794 140.087031 -172.951030
84.478129 140.203946 -173.297721
83.776553 140.402248 -173.982167
83.335193 141.093409 -174.554441
83.246191 141.729869 -175.320598
82.974817 142.479509 -175.924250
82.376533 143.150687 -176.361944
81.828690 143.657311 -177.027677
81.049184 144.264917 -177.179947
80.613105 144.868015 -177.847860
79.884707 145.467698 -178.179247
79.862096 146.055172 -178.988174
80.574779 146.659796 -179.343861
80.973602 147.355538 -179.941259
81.537006 148.109186 -180.279772
82.078110 148.923040 -180.068001
83.060568 149.042953 -179.925186
83.892816 149.294181 -179.430971
84.569396 149.311225 -178.694799
84.822070 148.344116 -178.665545
84.781699 147.599585 -179.331911
85.098020 146.663096 -179.483337
86.045923 146.714349 -179.797745
87.020754 146.865514 -179.633874
87.924446 146.696849 -179.240311
88.639443 146.396642 -178.608920
89.135043 146.490600 -177.745466
89.766814 146.478448 -176.970406
90.582442 146.292973 -176.422364
91.455578 146.518430 -175.990157
91.492178 147.229495 -175.287984
92.269844 147.857534 -175.316298
92.657603 148.721815 -175.636707
92.767810 149.710962 -175.733874
92.777755 150.710425 -175.765115
92.797396 151.702950 -175.885567
92.816480 152.696767 -175.776196
93.100019 153.604040 -175.465614
93.175757 154.509259 -175.047472
92.680017 154.914107 -174.279135
92.077190 155.083879 -173.499535
91.654634 155.275015 -172.613581
91.854853 156.237495 -172.430429
91.636552 156.458597 -171.479925
91.412443 155.789158 -170.771668
91.253035 154.979651 -170.206614
91.228428 154.083520 -169.763507
91.063862 153.334880 -169.121280
91.169883 152.699853 -168.356100
91.481887 152.812016 -167.412663
91.351346 152.523768 -166.464047
91.197698 152.570151 -165.477011
91.317650 152.158135 -164.573765
91.284942 151.266450 -164.122290
91.100378 150.528527 -163.473133
90.438408 149.786948 -163.364247
90.005410 148.901194 -163.531438
89.493461 148.149917 -163.947961
88.695642 147.547351 -163.967937
88.133914 146.740789 -163.783763
87.391637 146.115732 -164.025273
87.109815 145.232349 -163.650825
86.585671 144.405643 -163.446299
86.380373 143.445502 -163.635990
86.089057 142.888553 -164.413770
85.766528 142.457128 -165.256295
85.345089 142.474689 -166.162982
85.720712 143.380086 -166.360879
86.157074 144.039363 -166.973205
85.810734 144.559109 -167.754174
85.723823 145.016783 -168.639035
85.244802 144.139097 -168.624675
84.756428 143.831116 -169.441154
84.758663 144.614713 -170.062419
85.664585 144.908315 -170.367547
86.548956 145.372014 -170.421140
87.362263 145.953731 -170.409404
87.339437 146.636871 -169.679474
87.983232 147.360944 -169.431994
88.652588 147.941892 -168.968895
89.251371 148.723779 -168.795365
89.980599 149.258497 -168.368396
90.753528 149.412954 -168.983801
91.036403 149.350628 -168.026672
90.318483 149.362482 -167.330648
89.402198 149.050965 -167.078893
88.488199 149.396781 -166.866721
87.508456 149.580255 -166.946979
86.558419 149.728053 -167.221906
85.642607 150.045848 -167.467458
84.827938 149.621779 -167.863033
84.348212 149.544478 -168.737039
84.323304 149.184309 -169.669594
84.120697 149.378562 -170.629394
83.735927 149.350887 -171.551991
83.779863 149.007123 -172.490019
84.640108 149.243914 -172.941581
85.127052 149.675019 -173.701208
85.350893 150.048547 -174.601415
85.571580 149.266857 -175.184732
86.045053 148.389536 -175.106426
87.017823 148.175704 -175.195837
87.810271 147.794974 -175.672356
87.561078 147.103856 -176.350779
87.369125 146.429850 -177.064130
87.326317 145.454390 -177.280108
87.791688 144.841617 -177.918809
87.884145 144.220944 -177.140210
88.568234 143.962194 -176.458249
89.250920 143.312954 -176.122947
89.646120 142.429121 -175.872637
89.843397 141.538700 -175.462475
89.335983 141.001915 -174.788388
89.173783 140.509301 -173.933390
89.608207 139.881003 -173.288007
251  
-1543.014346 599.534219 428.181931
-1542.683509 600.314120 427.650611
-1541.858044 600.843990 427.845151
-1541.300815 601.371728 428.486234
-1540.540063 602.004426 428.630978
-1539.653851 602.207288 429.047481
-1539.050888 602.198688 429.845204
-1538.754924 601.979783 430.774981
-1538.213034 601.539290 431.490748
-1538.208743 601.204194 432.432922
-1537.935020 600.868887 433.334390
-1537.638287 600.834311 434.288725
-1537.377860 600.971100 435.244479
-1536.910286 601.727634 435.701680
-1536.769763 602.632603 436.103281
-1536.546261 603.598405 435.971851
-1536.837196 604.241881 435.263829
-1537.078751 604.100038 434.303865
-1537.412145 604.795799 433.667653
-1538.222911 605.131021 433.187772
-1538.966207 605.795278 433.108567
-1539.739784 606.239041 432.656181
-1540.670172 606.231490 433.022678
-1541.583879 605.826628 433.057709
-1542.414153 605.519437 432.592652
-1543.072296 605.126314 431.950544
-1543.120141 604.591446 431.106964
-1543.034435 604.058491 430.265172
-1542.244294 603.726042 429.750241
-1541.635597 602.966838 429.519811
-1540.934156 602.494406 428.986155
-1540.037586 602.399168 428.553615
-1539.341245 602.740110 427.922054
-1538.820911 603.588861 427.827847
-1538.460501 604.519710 427.767652
-1538.162597 605.324722 428.280692
-1537.235094 605.390865 428.648608
-1536.522908 604.732298 428.891673
-1535.978928 603.893603 428.917697
-1535.572212 603.019325 429.182689
-1535.693469 602.043497 429.364500
-1535.653428 601.065821 429.158231
-1535.793618 600.080013 429.065871
-1535.937667 599.509090 428.257604
-1535.902725 598.792501 427.560984
-1536.137971 598.193542 426.795538
-1536.647376 597.911461 425.982558
-1537.199425 597.742465 425.166051
-1537.884101 597.993717 424.481879
-1538.250113 598.773810 423.974445
-1538.448040 599.548469 423.373838
-1538.653769 600.315159 422.765676
-1539.458941 600.331623 422.172863
-1540.351218 600.046546 421.822761
-1541.324651 600.169690 422.015799
-1541.187649 599.944259 422.980377
-1540.951352 600.282738 423.891198
-1540.112085 600.311128 424.434177
-1539.216298 600.727021 424.277340
-1538.581729 601.350449 424.734133
-1538.396861 602.122838 425.341783
-1539.159465 602.320227 425.957797
-1539.431157 602.130406 426.901275
-1539.861755 601.996143 427.793777
-1540.524647 601.392680 428.236954
-1541.246525 601.101993 428.864962
-1541.905983 600.465851 429.265510
-1541.362500 599.629923 429.189020
-1540.791756 598.809699 429.150502
-1540.488834 597.865090 429.276804
-1539.726600 597.436682 429.762052
-1538.736814 597.355244 429.645041
-1538.253017 596.488249 429.525627
-1537.622568 595.889101 429.032112
-1537.012688 595.194618 428.650354
-1536.515105 594.331508 428.564034
-1536.225541 593.629063 429.214206
-1535.619946 592.846933 429.067481
-1535.276823 592.494690 428.196739
-1535.022650 592.256081 427.259476
-1534.536091 591.961358 426.437042
-1533.878068 592.503979 425.914960
-1533.772017 592.905176 425.005129
-1533.741845 592.915779 424.005640
-1533.742512 593.573511 423.252388
-1533.766698 594.564515 423.384018
-1533.999976 595.500440 423.120152
-1534.474136 596.378663 423.182573
-1534.196217 597.097625 422.545506
-1534.221766 597.556393 421.657318
-1534.777505 598.078085 421.010023
-1535.406761 598.703057 420.548019
-1536.272166 599.180763 420.699251
-1536.439899 600.141583 420.919909
-1536.682212 601.093491 421.107410
-1536.811436 601.787405 421.815776
-1536.699449 602.616412 422.363688
-1536.054544 603.380674 422.363619
-1535.129388 603.742619 422.249241
-1534.499779 604.498907 422.427066
-1535.097402 605.225212 422.087466
-1535.694439 606.022075 422.179968
-1536.423380 605.606354 421.636074
-1537.343514 605.599208 421.244535
-1538.306871 605.363846 421.373174
-1538.934568 604.676604 421.738816
-1539.330914 603.817851 422.063553
-1539.490337 602.937517 422.510315
-1540.204111 602.620919 423.135048
-1540.758728 603.274967 423.649462
-1541.272737 604.103366 423.872059
-1542.112085 604.482370 424.261738
-1542.276562 605.066951 425.056227
-1542.710419 605.648233 425.744616
-1543.137073 606.168936 426.484098
-1543.973137 606.491748 426.927708
-1544.778093 606.434443 427.518269
-1545.715216 606.253722 427.816833
-1546.539687 605.988213 428.316585
-1547.204487 605.310697 428.631248
-1547.994701 604.874719 429.061928
-1547.983133 603.884842 429.203385
-1547.728550 602.924800 429.319603
-1547.454639 602.070370 428.878104
-1546.787740 601.326583 428.833095
-1546.940418 600.359707 428.628546
-1546.645724 599.404117 428.630475
-1546.666699 598.439575 428.367381
-1546.995399 597.671211 428.916538
-1546.500483 597.225189 429.662274
-1545.625940 596.903480 430.025150
-1544.823546 596.807387 430.614158
-1544.427418 597.106781 431.482170
-1544.021766 597.841129 432.026395
-1543.834119 598.698808 432.505116
-1543.631424 599.288791 433.286675
-1543.342033 600.216610 433.522061
-1543.353859 601.183221 433.778036
-1544.218616 601.624153 434.018401
-1544.899484 602.273944 434.356321
-1545.080771 603.254329 434.433657
-1546.019807 603.569502 434.571046
-1546.792325 603.400597 433.958928
-1547.369527 602.830562 433.374209
-1547.957253 602.347295 432.725339
-1548.264001 602.464692 431.780816
-1547.891512 601.821981 431.111356
-1548.061990 601.787400 430.126602
-1548.269984 602.365194 429.337366
-1547.924757 602.894879 428.562607
-1548.737511 602.919000 427.980500
-1548.436075 602.655542 427.064134
-1547.826392 602.064061 426.536463
-1547.164066 601.819805 425.828181
-1546.168554 601.725649 425.818680
-1545.607805 601.956041 425.023395
-1545.539296 602.796639 424.486085
-1544.778492 603.430817 424.348260
-1544.265422 604.269380 424.531482
-1543.659289 605.031904 424.305294
-1542.877041 605.535960 423.939213
-1542.337963 605.951260 423.206465
-1541.418584 606.000108 422.816136
-1540.557377 606.051462 422.310482
-1539.579823 606.256298 422.261195
-1538.620114 606.533623 422.215918
-1537.687424 606.642086 422.559902
-1536.734757 606.844772 422.333308
-1535.845272 607.006925 421.906082
-1534.890761 607.198861 421.677895
-1534.197458 607.812791 422.055282
-1533.659935 607.944004 422.888261
-1532.903847 608.469441 423.278448
-1532.140248 608.439666 423.923452
-1531.715944 608.032155 424.732093
-1531.172198 607.368783 425.246173
-1530.885751 607.220220 426.192681
-1530.549186 607.567076 427.068132
-1531.345644 607.536588 427.672058
-1532.013218 606.797292 427.583821
-1532.858942 606.288443 427.423126
-1533.440814 605.615154 426.966937
-1534.202260 605.059307 426.633420
-1534.870091 604.329516 426.779727
-1535.444758 603.532974 426.591901
-1536.235954 602.929963 426.693822
-1536.582883 601.992072 426.693072
-1537.131832 601.164733 426.812088
-1537.588227 600.925538 425.955065
-1538.128569 600.536734 425.208833
-1538.953674 600.487667 424.645988
-1539.749064 600.050618 424.226057
-1540.293137 599.820383 423.419226
-1540.337734 599.447112 422.492576
-1539.939236 598.821552 421.821849
-1540.169480 598.517570 420.897413
-1539.672592 598.198486 420.090389
-1539.020352 598.703448 419.525059
-1538.440664 599.517131 419.481689
-1538.055738 600.403335 419.739515
-1537.816460 601.370341 419.826950
-1536.971773 601.881313 419.667540
-1536.114122 602.165964 420.095802
-1535.516290 602.911840 420.389512
-1534.854541 603.537118 420.803173
-1534.974503 604.407136 421.281376
-1535.269173 605.362435 421.257411
-1534.610856 606.114041 421.216090
-1534.800590 606.947025 420.696341
-1535.608465 607.534116 420.644741
-1536.404422 607.847543 420.126845
-1537.147652 607.848185 419.457810
-1538.079991 607.824689 419.096988
-1538.799137 607.131584 419.146327
-1539.670252 607.152291 418.655686
-1540.506261 607.346458 418.142471
-1541.069502 606.761967 417.558408
-1541.296511 605.969582 416.992199
-1541.724191 605.065694 416.983488
-1542.614162 604.612819 416.930039
-1543.357782 604.067649 416.542975
-1544.095926 603.409900 416.693006
-1544.419213 603.445029 417.638655
-1544.949740 603.611776 418.469761
-1545.604658 603.189726 419.096622
-1545.626717 602.600169 419.904048
-1545.785671 602.205710 420.809108
-1545.907836 601.582915 421.581897
-1545.745713 600.819767 422.207454
-1546.213907 600.025592 422.594857
-1546.814906 599.231422 422.684824
-1547.298704 598.385932 422.910843
-1547.577311 597.456750 423.153740
-1547.742042 596.472518 423.218176
-1547.316157 595.574662 423.106477
-1547.327363 594.617201 422.818133
-1546.837797 593.769810 423.023688
-1546.188177 593.408453 423.692579
-1545.709659 593.765709 424.494694
-1545.616219 593.964865 425.470197
-1544.924633 593.739861 426.156551
-1544.810414 593.598713 427.139928
-1544.430542 593.478959 428.057183
-1544.208493 593.725574 429.000515
-1543.919947 594.566020 429.459200
-1543.212906 595.273091 429.447190
-1542.960092 596.231125 429.312079
-1542.590905 597.142249 429.128903
-1542.992876 598.035976 428.929722
-1543.488766 598.892057 428.784055
-1543.014346 599.534219 428.181931
